x_in[0]: [0.0, 1.0, 0.0, 0.0, 0.0, 0.0, 0.0, 1.0]
x_in[1]: [0.0, 1.0, 1.0, 0.0, 1.0, 1.0, 0.0, 0.0]
x_in[2]: [0.0, 1.0, 1.0, 0.0, 0.0, 1.0, 0.0, 1.0]
x_in[3]: [0.0, 1.0, 1.0, 1.0, 1.0, 0.0, 0.0, 0.0]
x_in[4]: [0.0, 0.0, 1.0, 0.0, 0.0, 0.0, 0.0, 0.0]
x_in[5]: [0.0, 1.0, 0.0, 0.0, 1.0, 0.0, 1.0, 0.0]
x_in[6]: [0.0, 1.0, 1.0, 0.0, 1.0, 1.0, 1.0, 1.0]
x_in[7]: [0.0, 1.0, 1.0, 0.0, 1.0, 1.0, 1.0, 0.0]
x_in[8]: [0.0, 1.0, 1.0, 0.0, 0.0, 1.0, 0.0, 1.0]
x_in[9]: [0.0, 1.0, 1.0, 1.0, 0.0, 0.0, 1.0, 1.0]
x_in[10]: [0.0, 0.0, 1.0, 0.0, 0.0, 0.0, 0.0, 0.0]
x_in[11]: [0.0, 1.0, 0.0, 1.0, 0.0, 1.0, 1.0, 0.0]
x_in[12]: [0.0, 1.0, 1.0, 0.0, 1.0, 0.0, 0.0, 1.0]
x_in[13]: [0.0, 1.0, 1.0, 0.0, 1.0, 1.0, 1.0, 0.0]
x_in[14]: [0.0, 1.0, 1.0, 0.0, 0.0, 1.0, 0.0, 0.0]
x_in[15]: [0.0, 1.0, 1.0, 0.0, 1.0, 0.0, 0.0, 1.0]
x_in[16]: [0.0, 1.0, 1.0, 0.0, 0.0, 0.0, 1.0, 1.0]
x_in[17]: [0.0, 1.0, 1.0, 0.0, 0.0, 0.0, 0.0, 1.0]
x_in[18]: [0.0, 1.0, 1.0, 1.0, 0.0, 1.0, 0.0, 0.0]
x_in[19]: [0.0, 1.0, 1.0, 0.0, 0.0, 1.0, 0.0, 1.0]
x_in[20]: [0.0, 1.0, 1.0, 0.0, 0.0, 1.0, 0.0, 0.0]
x_in[21]: [0.0, 0.0, 1.0, 0.0, 0.0, 0.0, 0.0, 0.0]
x_in[22]: [0.0, 1.0, 1.0, 0.0, 1.0, 0.0, 0.0, 1.0]
x_in[23]: [0.0, 1.0, 1.0, 0.0, 1.0, 1.0, 1.0, 0.0]
x_in[24]: [0.0, 0.0, 1.0, 0.0, 0.0, 0.0, 0.0, 0.0]
x_in[25]: [0.0, 0.0, 1.0, 0.0, 0.0, 0.0, 1.0, 0.0]
x_in[26]: [0.0, 1.0, 0.0, 1.0, 0.0, 0.0, 0.0, 0.0]
x_in[27]: [0.0, 1.0, 1.0, 0.0, 1.0, 0.0, 0.0, 1.0]
x_in[28]: [0.0, 1.0, 1.0, 1.0, 1.0, 0.0, 1.0, 0.0]
x_in[29]: [0.0, 1.0, 1.0, 1.0, 1.0, 0.0, 1.0, 0.0]
x_in[30]: [0.0, 1.0, 1.0, 0.0, 0.0, 0.0, 0.0, 1.0]
x_in[31]: [0.0, 1.0, 1.0, 0.0, 0.0, 1.0, 1.0, 1.0]
x_in[32]: [0.0, 1.0, 1.0, 0.0, 0.0, 0.0, 0.0, 1.0]
x_in[33]: [0.0, 1.0, 1.0, 1.0, 0.0, 1.0, 0.0, 0.0]
x_in[34]: [0.0, 1.0, 1.0, 0.0, 0.0, 1.0, 0.0, 1.0]
x_in[35]: [0.0, 0.0, 1.0, 0.0, 0.0, 0.0, 1.0, 0.0]
x_in[36]: [0.0, 0.0, 1.0, 0.0, 0.0, 0.0, 0.0, 0.0]
x_in[37]: [0.0, 1.0, 0.0, 0.0, 0.0, 0.0, 1.0, 1.0]
x_in[38]: [0.0, 1.0, 1.0, 0.0, 1.0, 1.0, 1.0, 1.0]
x_in[39]: [0.0, 1.0, 1.0, 0.0, 1.0, 1.0, 1.0, 0.0]
x_in[40]: [0.0, 1.0, 1.0, 1.0, 0.0, 1.0, 0.0, 0.0]
x_in[41]: [0.0, 1.0, 1.0, 1.0, 0.0, 0.0, 1.0, 0.0]
x_in[42]: [0.0, 1.0, 1.0, 0.0, 1.0, 1.0, 1.0, 1.0]
x_in[43]: [0.0, 1.0, 1.0, 1.0, 0.0, 1.0, 1.0, 0.0]
x_in[44]: [0.0, 1.0, 1.0, 0.0, 0.0, 1.0, 0.0, 1.0]
x_in[45]: [0.0, 1.0, 1.0, 1.0, 0.0, 0.0, 1.0, 0.0]
x_in[46]: [0.0, 1.0, 1.0, 1.0, 0.0, 0.0, 1.0, 1.0]
x_in[47]: [0.0, 1.0, 1.0, 1.0, 1.0, 0.0, 0.0, 1.0]
x_in[48]: [0.0, 0.0, 0.0, 0.0, 1.0, 0.0, 1.0, 0.0]
x_in[49]: [0.0, 0.0, 0.0, 0.0, 1.0, 0.0, 1.0, 0.0]
x_in[50]: [0.0, 0.0, 1.0, 0.0, 0.0, 0.0, 1.0, 0.0]
x_in[51]: [0.0, 1.0, 0.0, 0.0, 0.0, 0.0, 0.0, 1.0]
x_in[52]: [0.0, 1.0, 1.0, 0.0, 1.0, 1.0, 0.0, 0.0]
x_in[53]: [0.0, 1.0, 1.0, 0.0, 0.0, 1.0, 0.0, 1.0]
x_in[54]: [0.0, 1.0, 1.0, 1.0, 1.0, 0.0, 0.0, 0.0]
x_in[55]: [0.0, 0.0, 1.0, 0.0, 0.0, 0.0, 0.0, 0.0]
x_in[56]: [0.0, 1.0, 0.0, 0.0, 1.0, 0.0, 1.0, 0.0]
x_in[57]: [0.0, 1.0, 1.0, 0.0, 1.0, 1.0, 1.0, 1.0]
x_in[58]: [0.0, 1.0, 1.0, 0.0, 1.0, 1.0, 1.0, 0.0]
x_in[59]: [0.0, 1.0, 1.0, 0.0, 0.0, 1.0, 0.0, 1.0]
x_in[60]: [0.0, 1.0, 1.0, 1.0, 0.0, 0.0, 1.0, 1.0]
x_in[61]: [0.0, 0.0, 1.0, 0.0, 1.0, 1.0, 0.0, 0.0]
x_in[62]: [0.0, 0.0, 1.0, 0.0, 0.0, 0.0, 0.0, 0.0]
x_in[63]: [0.0, 1.0, 1.0, 1.0, 0.0, 0.0, 0.0, 0.0]
x_in[64]: [0.0, 1.0, 1.0, 1.0, 0.0, 1.0, 0.0, 1.0]
x_in[65]: [0.0, 1.0, 1.0, 1.0, 0.0, 0.0, 1.0, 0.0]
x_in[66]: [0.0, 1.0, 1.0, 1.0, 0.0, 1.0, 1.0, 0.0]
x_in[67]: [0.0, 1.0, 1.0, 0.0, 0.0, 1.0, 0.0, 1.0]
x_in[68]: [0.0, 1.0, 1.0, 1.0, 1.0, 0.0, 0.0, 1.0]
x_in[69]: [0.0, 1.0, 1.0, 0.0, 1.0, 1.0, 1.0, 1.0]
x_in[70]: [0.0, 1.0, 1.0, 1.0, 0.0, 0.0, 1.0, 0.0]
x_in[71]: [0.0, 0.0, 1.0, 0.0, 0.0, 0.0, 0.0, 0.0]
x_in[72]: [0.0, 1.0, 1.0, 0.0, 1.0, 1.0, 1.0, 1.0]
x_in[73]: [0.0, 1.0, 1.0, 0.0, 0.0, 1.0, 1.0, 0.0]
x_in[74]: [0.0, 0.0, 1.0, 0.0, 0.0, 0.0, 0.0, 0.0]
x_in[75]: [0.0, 1.0, 1.0, 1.0, 0.0, 1.0, 0.0, 0.0]
x_in[76]: [0.0, 1.0, 1.0, 0.0, 1.0, 0.0, 0.0, 0.0]
x_in[77]: [0.0, 1.0, 1.0, 0.0, 0.0, 1.0, 0.0, 1.0]
x_in[78]: [0.0, 0.0, 1.0, 0.0, 0.0, 0.0, 0.0, 0.0]
x_in[79]: [0.0, 1.0, 1.0, 0.0, 1.0, 0.0, 0.0, 1.0]
x_in[80]: [0.0, 1.0, 1.0, 0.0, 1.0, 1.0, 1.0, 0.0]
x_in[81]: [0.0, 1.0, 1.0, 0.0, 0.0, 1.0, 0.0, 0.0]
x_in[82]: [0.0, 1.0, 1.0, 0.0, 0.0, 1.0, 0.0, 1.0]
x_in[83]: [0.0, 1.0, 1.0, 1.0, 0.0, 0.0, 0.0, 0.0]
x_in[84]: [0.0, 1.0, 1.0, 0.0, 0.0, 1.0, 0.0, 1.0]
x_in[85]: [0.0, 1.0, 1.0, 0.0, 1.0, 1.0, 1.0, 0.0]
x_in[86]: [0.0, 1.0, 1.0, 0.0, 0.0, 1.0, 0.0, 0.0]
x_in[87]: [0.0, 1.0, 1.0, 0.0, 0.0, 1.0, 0.0, 1.0]
x_in[88]: [0.0, 1.0, 1.0, 0.0, 1.0, 1.0, 1.0, 0.0]
x_in[89]: [0.0, 1.0, 1.0, 1.0, 0.0, 1.0, 0.0, 0.0]
x_in[90]: [0.0, 0.0, 1.0, 0.0, 0.0, 0.0, 0.0, 0.0]
x_in[91]: [0.0, 1.0, 1.0, 0.0, 1.0, 0.0, 0.0, 1.0]
x_in[92]: [0.0, 1.0, 1.0, 0.0, 1.0, 1.0, 1.0, 0.0]
x_in[93]: [0.0, 1.0, 1.0, 1.0, 0.0, 1.0, 1.0, 0.0]
x_in[94]: [0.0, 1.0, 1.0, 0.0, 0.0, 1.0, 0.0, 1.0]
x_in[95]: [0.0, 1.0, 1.0, 1.0, 0.0, 0.0, 1.0, 1.0]
x_in[96]: [0.0, 1.0, 1.0, 1.0, 0.0, 1.0, 0.0, 0.0]
x_in[97]: [0.0, 1.0, 1.0, 0.0, 1.0, 0.0, 0.0, 1.0]
x_in[98]: [0.0, 1.0, 1.0, 0.0, 0.0, 1.0, 1.0, 1.0]
x_in[99]: [0.0, 1.0, 1.0, 0.0, 0.0, 0.0, 0.0, 1.0]
x_in[100]: [0.0, 1.0, 1.0, 1.0, 0.0, 1.0, 0.0, 0.0]
x_in[101]: [0.0, 1.0, 1.0, 0.0, 1.0, 0.0, 0.0, 1.0]
x_in[102]: [0.0, 1.0, 1.0, 1.0, 0.0, 1.0, 1.0, 0.0]
x_in[103]: [0.0, 1.0, 1.0, 0.0, 0.0, 1.0, 0.0, 1.0]
x_in[104]: [0.0, 0.0, 1.0, 0.0, 0.0, 0.0, 0.0, 0.0]
x_in[105]: [0.0, 1.0, 1.0, 0.0, 1.0, 1.0, 1.0, 0.0]
x_in[106]: [0.0, 1.0, 1.0, 0.0, 0.0, 1.0, 0.0, 1.0]
x_in[107]: [0.0, 1.0, 1.0, 1.0, 0.0, 1.0, 1.0, 1.0]
x_in[108]: [0.0, 1.0, 1.0, 1.0, 0.0, 0.0, 1.0, 1.0]
x_in[109]: [0.0, 0.0, 1.0, 0.0, 0.0, 0.0, 0.0, 0.0]
x_in[110]: [0.0, 1.0, 1.0, 1.0, 0.0, 1.0, 1.0, 1.0]
x_in[111]: [0.0, 1.0, 1.0, 0.0, 0.0, 1.0, 0.0, 1.0]
x_in[112]: [0.0, 1.0, 1.0, 0.0, 0.0, 0.0, 1.0, 0.0]
x_in[113]: [0.0, 1.0, 1.0, 1.0, 0.0, 0.0, 1.0, 1.0]
x_in[114]: [0.0, 1.0, 1.0, 0.0, 1.0, 0.0, 0.0, 1.0]
x_in[115]: [0.0, 1.0, 1.0, 1.0, 0.0, 1.0, 0.0, 0.0]
x_in[116]: [0.0, 1.0, 1.0, 0.0, 0.0, 1.0, 0.0, 1.0]
x_in[117]: [0.0, 0.0, 1.0, 0.0, 0.0, 0.0, 0.0, 0.0]
x_in[118]: [0.0, 1.0, 0.0, 0.0, 1.0, 0.0, 0.0, 1.0]
x_in[119]: [0.0, 1.0, 1.0, 0.0, 1.0, 1.0, 1.0, 0.0]
x_in[120]: [0.0, 1.0, 1.0, 0.0, 0.0, 1.0, 1.0, 0.0]
x_in[121]: [0.0, 1.0, 1.0, 0.0, 1.0, 1.0, 1.0, 1.0]
x_in[122]: [0.0, 1.0, 1.0, 1.0, 0.0, 1.0, 1.0, 1.0]
x_in[123]: [0.0, 1.0, 1.0, 0.0, 0.0, 0.0, 0.0, 1.0]
x_in[124]: [0.0, 1.0, 1.0, 1.0, 0.0, 0.0, 1.0, 0.0]
x_in[125]: [0.0, 1.0, 1.0, 1.0, 0.0, 0.0, 1.0, 1.0]
x_in[126]: [0.0, 0.0, 1.0, 0.0, 0.0, 0.0, 0.0, 0.0]
x_in[127]: [0.0, 1.0, 1.0, 0.0, 0.0, 0.0, 0.0, 1.0]
x_in[128]: [0.0, 1.0, 1.0, 0.0, 1.0, 1.0, 1.0, 0.0]
x_in[129]: [0.0, 1.0, 1.0, 0.0, 0.0, 1.0, 0.0, 0.0]
x_in[130]: [0.0, 0.0, 1.0, 0.0, 0.0, 0.0, 0.0, 0.0]
x_in[131]: [0.0, 1.0, 1.0, 0.0, 1.0, 0.0, 0.0, 0.0]
x_in[132]: [0.0, 1.0, 1.0, 0.0, 1.0, 1.0, 1.0, 1.0]
x_in[133]: [0.0, 1.0, 1.0, 1.0, 0.0, 0.0, 1.0, 1.0]
x_in[134]: [0.0, 1.0, 1.0, 1.0, 0.0, 1.0, 0.0, 0.0]
x_in[135]: [0.0, 0.0, 1.0, 0.0, 0.0, 0.0, 0.0, 0.0]
x_in[136]: [0.0, 1.0, 1.0, 0.0, 1.0, 1.0, 1.0, 1.0]
x_in[137]: [0.0, 1.0, 1.0, 0.0, 0.0, 1.0, 1.0, 0.0]
x_in[138]: [0.0, 0.0, 1.0, 0.0, 0.0, 0.0, 0.0, 0.0]
x_in[139]: [0.0, 1.0, 0.0, 1.0, 0.0, 1.0, 0.0, 0.0]
x_in[140]: [0.0, 1.0, 1.0, 0.0, 1.0, 0.0, 0.0, 0.0]
x_in[141]: [0.0, 1.0, 1.0, 0.0, 0.0, 1.0, 0.0, 1.0]
x_in[142]: [0.0, 0.0, 1.0, 0.0, 0.0, 0.0, 0.0, 0.0]
x_in[143]: [0.0, 1.0, 0.0, 0.0, 0.0, 0.0, 0.0, 1.0]
x_in[144]: [0.0, 1.0, 1.0, 0.0, 1.0, 1.0, 0.0, 0.0]
x_in[145]: [0.0, 1.0, 1.0, 0.0, 0.0, 1.0, 0.0, 1.0]
x_in[146]: [0.0, 1.0, 1.0, 1.0, 1.0, 0.0, 0.0, 0.0]
x_in[147]: [0.0, 0.0, 1.0, 0.0, 0.0, 0.0, 0.0, 0.0]
x_in[148]: [0.0, 1.0, 0.0, 0.0, 1.0, 0.0, 1.0, 0.0]
x_in[149]: [0.0, 1.0, 1.0, 0.0, 1.0, 1.0, 1.0, 1.0]
x_in[150]: [0.0, 1.0, 1.0, 0.0, 1.0, 1.0, 1.0, 0.0]
x_in[151]: [0.0, 1.0, 1.0, 0.0, 0.0, 1.0, 0.0, 1.0]
x_in[152]: [0.0, 1.0, 1.0, 1.0, 0.0, 0.0, 1.0, 1.0]
x_in[153]: [0.0, 0.0, 1.0, 0.0, 0.0, 0.0, 0.0, 0.0]
x_in[154]: [0.0, 1.0, 0.0, 1.0, 0.0, 0.0, 1.0, 1.0]
x_in[155]: [0.0, 1.0, 1.0, 0.0, 1.0, 0.0, 0.0, 0.0]
x_in[156]: [0.0, 1.0, 1.0, 0.0, 1.0, 1.0, 1.0, 1.0]
x_in[157]: [0.0, 1.0, 1.0, 1.0, 0.0, 1.0, 1.0, 1.0]
x_in[158]: [0.0, 0.0, 1.0, 0.0, 1.0, 1.0, 0.0, 0.0]
x_in[159]: [0.0, 0.0, 1.0, 0.0, 0.0, 0.0, 0.0, 0.0]
x_in[160]: [0.0, 1.0, 1.0, 0.0, 1.0, 0.0, 0.0, 0.0]
x_in[161]: [0.0, 1.0, 1.0, 0.0, 0.0, 0.0, 0.0, 1.0]
x_in[162]: [0.0, 1.0, 1.0, 1.0, 0.0, 0.0, 1.0, 1.0]
x_in[163]: [0.0, 0.0, 1.0, 0.0, 0.0, 0.0, 0.0, 0.0]
x_in[164]: [0.0, 1.0, 1.0, 0.0, 0.0, 0.0, 1.0, 0.0]
x_in[165]: [0.0, 1.0, 1.0, 0.0, 0.0, 1.0, 0.0, 1.0]
x_in[166]: [0.0, 1.0, 1.0, 0.0, 0.0, 1.0, 0.0, 1.0]
x_in[167]: [0.0, 1.0, 1.0, 0.0, 1.0, 1.0, 1.0, 0.0]
x_in[168]: [0.0, 0.0, 1.0, 0.0, 0.0, 0.0, 0.0, 0.0]
x_in[169]: [0.0, 1.0, 1.0, 1.0, 0.0, 1.0, 1.0, 0.0]
x_in[170]: [0.0, 1.0, 1.0, 0.0, 1.0, 0.0, 0.0, 1.0]
x_in[171]: [0.0, 1.0, 1.0, 0.0, 1.0, 1.0, 1.0, 0.0]
x_in[172]: [0.0, 1.0, 1.0, 0.0, 0.0, 1.0, 0.0, 0.0]
x_in[173]: [0.0, 1.0, 1.0, 0.0, 1.0, 0.0, 0.0, 1.0]
x_in[174]: [0.0, 1.0, 1.0, 0.0, 0.0, 0.0, 1.0, 1.0]
x_in[175]: [0.0, 1.0, 1.0, 0.0, 0.0, 0.0, 0.0, 1.0]
x_in[176]: [0.0, 1.0, 1.0, 1.0, 0.0, 1.0, 0.0, 0.0]
x_in[177]: [0.0, 1.0, 1.0, 0.0, 0.0, 1.0, 0.0, 1.0]
x_in[178]: [0.0, 1.0, 1.0, 0.0, 0.0, 1.0, 0.0, 0.0]
x_in[179]: [0.0, 0.0, 1.0, 0.0, 0.0, 0.0, 0.0, 0.0]
x_in[180]: [0.0, 1.0, 1.0, 0.0, 1.0, 0.0, 0.0, 1.0]
x_in[181]: [0.0, 1.0, 1.0, 0.0, 1.0, 1.0, 1.0, 0.0]
x_in[182]: [0.0, 0.0, 1.0, 0.0, 0.0, 0.0, 0.0, 0.0]
x_in[183]: [0.0, 1.0, 1.0, 0.0, 1.0, 0.0, 0.0, 0.0]
x_in[184]: [0.0, 1.0, 1.0, 0.0, 1.0, 0.0, 0.0, 1.0]
x_in[185]: [0.0, 1.0, 1.0, 1.0, 0.0, 0.0, 1.0, 1.0]
x_in[186]: [0.0, 0.0, 1.0, 0.0, 0.0, 0.0, 0.0, 0.0]
x_in[187]: [0.0, 1.0, 1.0, 0.0, 0.0, 0.0, 1.0, 1.0]
x_in[188]: [0.0, 1.0, 1.0, 0.0, 1.0, 1.0, 0.0, 0.0]
x_in[189]: [0.0, 1.0, 1.0, 0.0, 0.0, 0.0, 0.0, 1.0]
x_in[190]: [0.0, 1.0, 1.0, 0.0, 1.0, 0.0, 0.0, 1.0]
x_in[191]: [0.0, 1.0, 1.0, 0.0, 1.0, 1.0, 0.0, 1.0]
x_in[192]: [0.0, 1.0, 1.0, 1.0, 0.0, 0.0, 1.0, 1.0]
x_in[193]: [0.0, 0.0, 1.0, 0.0, 0.0, 0.0, 0.0, 0.0]
x_in[194]: [0.0, 1.0, 1.0, 1.0, 0.0, 0.0, 1.0, 0.0]
x_in[195]: [0.0, 1.0, 1.0, 0.0, 0.0, 1.0, 0.0, 1.0]
x_in[196]: [0.0, 1.0, 1.0, 0.0, 0.0, 1.0, 1.0, 1.0]
x_in[197]: [0.0, 1.0, 1.0, 0.0, 0.0, 0.0, 0.0, 1.0]
x_in[198]: [0.0, 1.0, 1.0, 1.0, 0.0, 0.0, 1.0, 0.0]
x_in[199]: [0.0, 1.0, 1.0, 0.0, 0.0, 1.0, 0.0, 0.0]
x_in[200]: [0.0, 1.0, 1.0, 0.0, 1.0, 0.0, 0.0, 1.0]
x_in[201]: [0.0, 1.0, 1.0, 0.0, 1.0, 1.0, 1.0, 0.0]
x_in[202]: [0.0, 1.0, 1.0, 0.0, 0.0, 1.0, 1.0, 1.0]
x_in[203]: [0.0, 0.0, 1.0, 0.0, 0.0, 0.0, 0.0, 0.0]
x_in[204]: [0.0, 1.0, 1.0, 1.0, 0.0, 1.0, 0.0, 0.0]
x_in[205]: [0.0, 1.0, 1.0, 0.0, 1.0, 0.0, 0.0, 0.0]
x_in[206]: [0.0, 1.0, 1.0, 0.0, 0.0, 1.0, 0.0, 1.0]
x_in[207]: [0.0, 0.0, 1.0, 0.0, 0.0, 0.0, 0.0, 0.0]
x_in[208]: [0.0, 1.0, 1.0, 1.0, 0.0, 0.0, 1.0, 1.0]
x_in[209]: [0.0, 1.0, 1.0, 0.0, 1.0, 1.0, 1.0, 1.0]
x_in[210]: [0.0, 0.0, 1.0, 0.0, 1.0, 1.0, 0.0, 1.0]
x_in[211]: [0.0, 1.0, 1.0, 0.0, 0.0, 0.0, 1.0, 1.0]
x_in[212]: [0.0, 1.0, 1.0, 0.0, 0.0, 0.0, 0.0, 1.0]
x_in[213]: [0.0, 1.0, 1.0, 0.0, 1.0, 1.0, 0.0, 0.0]
x_in[214]: [0.0, 1.0, 1.0, 0.0, 1.0, 1.0, 0.0, 0.0]
x_in[215]: [0.0, 1.0, 1.0, 0.0, 0.0, 1.0, 0.0, 1.0]
x_in[216]: [0.0, 1.0, 1.0, 0.0, 0.0, 1.0, 0.0, 0.0]
x_in[217]: [0.0, 0.0, 1.0, 0.0, 0.0, 0.0, 0.0, 0.0]
x_in[218]: [0.0, 0.0, 1.0, 0.0, 0.0, 0.0, 1.0, 0.0]
x_in[219]: [0.0, 1.0, 0.0, 1.0, 0.0, 0.0, 0.0, 0.0]
x_in[220]: [0.0, 1.0, 1.0, 0.0, 1.0, 0.0, 0.0, 1.0]
x_in[221]: [0.0, 1.0, 1.0, 1.0, 1.0, 0.0, 1.0, 0.0]
x_in[222]: [0.0, 1.0, 1.0, 1.0, 1.0, 0.0, 1.0, 0.0]
x_in[223]: [0.0, 1.0, 1.0, 0.0, 0.0, 0.0, 0.0, 1.0]
x_in[224]: [0.0, 1.0, 1.0, 0.0, 0.0, 1.0, 1.0, 1.0]
x_in[225]: [0.0, 1.0, 1.0, 0.0, 0.0, 0.0, 0.0, 1.0]
x_in[226]: [0.0, 1.0, 1.0, 1.0, 0.0, 1.0, 0.0, 0.0]
x_in[227]: [0.0, 1.0, 1.0, 0.0, 0.0, 1.0, 0.0, 1.0]
x_in[228]: [0.0, 0.0, 1.0, 0.0, 0.0, 0.0, 1.0, 0.0]
x_in[229]: [0.0, 0.0, 1.0, 0.0, 0.0, 0.0, 0.0, 0.0]
x_in[230]: [0.0, 1.0, 1.0, 0.0, 0.0, 0.0, 1.0, 1.0]
x_in[231]: [0.0, 1.0, 1.0, 0.0, 1.0, 1.0, 1.0, 1.0]
x_in[232]: [0.0, 1.0, 1.0, 0.0, 1.0, 1.0, 1.0, 0.0]
x_in[233]: [0.0, 1.0, 1.0, 1.0, 0.0, 1.0, 0.0, 0.0]
x_in[234]: [0.0, 1.0, 1.0, 1.0, 0.0, 0.0, 1.0, 0.0]
x_in[235]: [0.0, 1.0, 1.0, 0.0, 1.0, 1.0, 1.0, 1.0]
x_in[236]: [0.0, 1.0, 1.0, 1.0, 0.0, 1.0, 1.0, 0.0]
x_in[237]: [0.0, 1.0, 1.0, 0.0, 0.0, 1.0, 0.0, 1.0]
x_in[238]: [0.0, 1.0, 1.0, 1.0, 0.0, 0.0, 1.0, 0.0]
x_in[239]: [0.0, 1.0, 1.0, 1.0, 0.0, 0.0, 1.0, 1.0]
x_in[240]: [0.0, 1.0, 1.0, 1.0, 1.0, 0.0, 0.0, 1.0]
x_in[241]: [0.0, 0.0, 1.0, 0.0, 1.0, 1.0, 1.0, 0.0]
x_in[242]: [0.0, 0.0, 1.0, 0.0, 0.0, 0.0, 0.0, 0.0]
x_in[243]: [0.0, 1.0, 0.0, 0.0, 1.0, 0.0, 1.0, 0.0]
x_in[244]: [0.0, 1.0, 1.0, 0.0, 1.0, 1.0, 1.0, 1.0]
x_in[245]: [0.0, 1.0, 1.0, 0.0, 1.0, 1.0, 1.0, 0.0]
x_in[246]: [0.0, 1.0, 1.0, 0.0, 0.0, 1.0, 0.0, 1.0]
x_in[247]: [0.0, 1.0, 1.0, 1.0, 0.0, 0.0, 1.0, 1.0]
x_in[248]: [0.0, 0.0, 1.0, 0.0, 0.0, 0.0, 0.0, 0.0]
x_in[249]: [0.0, 1.0, 1.0, 0.0, 0.0, 0.0, 0.0, 1.0]
x_in[250]: [0.0, 1.0, 1.0, 0.0, 1.0, 1.0, 1.0, 0.0]
x_in[251]: [0.0, 1.0, 1.0, 0.0, 0.0, 1.0, 0.0, 0.0]
x_in[252]: [0.0, 0.0, 1.0, 0.0, 0.0, 0.0, 0.0, 0.0]
x_in[253]: [0.0, 1.0, 1.0, 0.0, 1.0, 1.0, 1.0, 1.0]
x_in[254]: [0.0, 1.0, 1.0, 1.0, 0.0, 1.0, 0.0, 0.0]
x_in[255]: [0.0, 1.0, 1.0, 0.0, 1.0, 0.0, 0.0, 0.0]
x_in[256]: [0.0, 1.0, 1.0, 0.0, 0.0, 1.0, 0.0, 1.0]
x_in[257]: [0.0, 1.0, 1.0, 1.0, 0.0, 0.0, 1.0, 0.0]
x_in[258]: [0.0, 1.0, 1.0, 1.0, 0.0, 0.0, 1.0, 1.0]
x_in[259]: [0.0, 0.0, 1.0, 0.0, 0.0, 0.0, 0.0, 0.0]
x_in[260]: [0.0, 1.0, 1.0, 1.0, 0.0, 1.0, 0.0, 1.0]
x_in[261]: [0.0, 1.0, 1.0, 0.0, 1.0, 1.0, 1.0, 0.0]
x_in[262]: [0.0, 1.0, 1.0, 0.0, 0.0, 0.0, 1.0, 1.0]
x_in[263]: [0.0, 1.0, 1.0, 0.0, 1.0, 1.0, 1.0, 1.0]
x_in[264]: [0.0, 1.0, 1.0, 1.0, 0.0, 1.0, 1.0, 0.0]
x_in[265]: [0.0, 1.0, 1.0, 0.0, 0.0, 1.0, 0.0, 1.0]
x_in[266]: [0.0, 1.0, 1.0, 1.0, 0.0, 0.0, 1.0, 0.0]
x_in[267]: [0.0, 1.0, 1.0, 0.0, 0.0, 1.0, 0.0, 1.0]
x_in[268]: [0.0, 1.0, 1.0, 0.0, 0.0, 1.0, 0.0, 0.0]
x_in[269]: [0.0, 0.0, 1.0, 0.0, 0.0, 0.0, 0.0, 0.0]
x_in[270]: [0.0, 1.0, 1.0, 0.0, 0.0, 1.0, 0.0, 1.0]
x_in[271]: [0.0, 1.0, 1.0, 1.0, 0.0, 1.0, 1.0, 0.0]
x_in[272]: [0.0, 1.0, 1.0, 0.0, 1.0, 0.0, 0.0, 1.0]
x_in[273]: [0.0, 1.0, 1.0, 0.0, 0.0, 1.0, 0.0, 0.0]
x_in[274]: [0.0, 1.0, 1.0, 0.0, 0.0, 1.0, 0.0, 1.0]
x_in[275]: [0.0, 1.0, 1.0, 0.0, 1.0, 1.0, 1.0, 0.0]
x_in[276]: [0.0, 1.0, 1.0, 0.0, 0.0, 0.0, 1.0, 1.0]
x_in[277]: [0.0, 1.0, 1.0, 0.0, 0.0, 1.0, 0.0, 1.0]
x_in[278]: [0.0, 0.0, 1.0, 0.0, 0.0, 0.0, 0.0, 0.0]
x_in[279]: [0.0, 1.0, 1.0, 0.0, 1.0, 1.0, 0.0, 0.0]
x_in[280]: [0.0, 1.0, 1.0, 0.0, 0.0, 0.0, 0.0, 1.0]
x_in[281]: [0.0, 1.0, 1.0, 1.0, 0.0, 0.0, 1.0, 1.0]
x_in[282]: [0.0, 1.0, 1.0, 1.0, 0.0, 1.0, 0.0, 0.0]
x_in[283]: [0.0, 0.0, 1.0, 0.0, 0.0, 0.0, 0.0, 0.0]
x_in[284]: [0.0, 1.0, 1.0, 1.0, 1.0, 0.0, 0.0, 1.0]
x_in[285]: [0.0, 1.0, 1.0, 0.0, 0.0, 1.0, 0.0, 1.0]
x_in[286]: [0.0, 1.0, 1.0, 0.0, 0.0, 0.0, 0.0, 1.0]
x_in[287]: [0.0, 1.0, 1.0, 1.0, 0.0, 0.0, 1.0, 0.0]
x_in[288]: [0.0, 0.0, 1.0, 0.0, 0.0, 0.0, 0.0, 0.0]
x_in[289]: [0.0, 1.0, 1.0, 1.0, 0.0, 1.0, 0.0, 0.0]
x_in[290]: [0.0, 1.0, 1.0, 0.0, 1.0, 0.0, 0.0, 0.0]
x_in[291]: [0.0, 1.0, 1.0, 0.0, 0.0, 0.0, 0.0, 1.0]
x_in[292]: [0.0, 1.0, 1.0, 1.0, 0.0, 1.0, 0.0, 0.0]
x_in[293]: [0.0, 0.0, 1.0, 0.0, 0.0, 0.0, 0.0, 0.0]
x_in[294]: [0.0, 1.0, 1.0, 1.0, 0.0, 1.0, 0.0, 0.0]
x_in[295]: [0.0, 1.0, 1.0, 0.0, 1.0, 1.0, 1.0, 1.0]
x_in[296]: [0.0, 1.0, 1.0, 1.0, 0.0, 0.0, 0.0, 0.0]
x_in[297]: [0.0, 0.0, 1.0, 0.0, 0.0, 0.0, 0.0, 0.0]
x_in[298]: [0.0, 1.0, 0.0, 0.0, 0.0, 1.0, 0.0, 0.0]
x_in[299]: [0.0, 1.0, 1.0, 0.0, 0.0, 1.0, 0.0, 1.0]
x_in[300]: [0.0, 1.0, 1.0, 0.0, 1.0, 1.0, 0.0, 1.0]
x_in[301]: [0.0, 1.0, 1.0, 0.0, 1.0, 1.0, 1.0, 1.0]
x_in[302]: [0.0, 1.0, 1.0, 0.0, 0.0, 0.0, 1.0, 1.0]
x_in[303]: [0.0, 1.0, 1.0, 1.0, 0.0, 0.0, 1.0, 0.0]
x_in[304]: [0.0, 1.0, 1.0, 0.0, 0.0, 0.0, 0.0, 1.0]
x_in[305]: [0.0, 1.0, 1.0, 1.0, 0.0, 1.0, 0.0, 0.0]
x_in[306]: [0.0, 1.0, 1.0, 0.0, 1.0, 0.0, 0.0, 1.0]
x_in[307]: [0.0, 1.0, 1.0, 0.0, 0.0, 0.0, 1.0, 1.0]
x_in[308]: [0.0, 0.0, 1.0, 0.0, 0.0, 0.0, 0.0, 0.0]
x_in[309]: [0.0, 1.0, 0.0, 1.0, 0.0, 0.0, 0.0, 0.0]
x_in[310]: [0.0, 1.0, 1.0, 0.0, 0.0, 0.0, 0.0, 1.0]
x_in[311]: [0.0, 1.0, 1.0, 1.0, 0.0, 0.0, 1.0, 0.0]
x_in[312]: [0.0, 1.0, 1.0, 1.0, 0.0, 1.0, 0.0, 0.0]
x_in[313]: [0.0, 1.0, 1.0, 1.0, 1.0, 0.0, 0.0, 1.0]
x_in[314]: [0.0, 0.0, 1.0, 0.0, 0.0, 0.0, 0.0, 0.0]
x_in[315]: [0.0, 1.0, 1.0, 0.0, 1.0, 1.0, 1.0, 1.0]
x_in[316]: [0.0, 1.0, 1.0, 0.0, 0.0, 1.0, 1.0, 0.0]
x_in[317]: [0.0, 1.0, 1.0, 0.0, 0.0, 1.0, 1.0, 0.0]
x_in[318]: [0.0, 1.0, 1.0, 0.0, 1.0, 0.0, 0.0, 1.0]
x_in[319]: [0.0, 1.0, 1.0, 0.0, 0.0, 0.0, 1.0, 1.0]
x_in[320]: [0.0, 1.0, 1.0, 0.0, 1.0, 0.0, 0.0, 1.0]
x_in[321]: [0.0, 1.0, 1.0, 0.0, 0.0, 0.0, 0.0, 1.0]
x_in[322]: [0.0, 1.0, 1.0, 0.0, 1.0, 1.0, 0.0, 0.0]
x_in[323]: [0.0, 1.0, 1.0, 1.0, 0.0, 0.0, 1.0, 1.0]
x_in[324]: [0.0, 0.0, 1.0, 0.0, 0.0, 0.0, 0.0, 0.0]
x_in[325]: [0.0, 1.0, 1.0, 1.0, 0.0, 1.0, 1.0, 1.0]
x_in[326]: [0.0, 1.0, 1.0, 0.0, 0.0, 1.0, 0.0, 1.0]
x_in[327]: [0.0, 1.0, 1.0, 1.0, 0.0, 0.0, 1.0, 0.0]
x_in[328]: [0.0, 1.0, 1.0, 0.0, 0.0, 1.0, 0.0, 1.0]
x_in[329]: [0.0, 0.0, 1.0, 0.0, 0.0, 0.0, 0.0, 0.0]
x_in[330]: [0.0, 1.0, 1.0, 0.0, 1.0, 0.0, 0.0, 1.0]
x_in[331]: [0.0, 1.0, 1.0, 0.0, 1.0, 1.0, 1.0, 0.0]
x_in[332]: [0.0, 1.0, 1.0, 1.0, 0.0, 1.0, 1.0, 0.0]
x_in[333]: [0.0, 1.0, 1.0, 0.0, 1.0, 1.0, 1.0, 1.0]
x_in[334]: [0.0, 1.0, 1.0, 0.0, 1.0, 1.0, 0.0, 0.0]
x_in[335]: [0.0, 1.0, 1.0, 1.0, 0.0, 1.0, 1.0, 0.0]
x_in[336]: [0.0, 1.0, 1.0, 0.0, 0.0, 1.0, 0.0, 1.0]
x_in[337]: [0.0, 1.0, 1.0, 0.0, 0.0, 1.0, 0.0, 0.0]
x_in[338]: [0.0, 0.0, 1.0, 0.0, 0.0, 0.0, 0.0, 0.0]
x_in[339]: [0.0, 1.0, 1.0, 0.0, 1.0, 0.0, 0.0, 1.0]
x_in[340]: [0.0, 1.0, 1.0, 0.0, 1.0, 1.0, 1.0, 0.0]
x_in[341]: [0.0, 0.0, 1.0, 0.0, 0.0, 0.0, 0.0, 0.0]
x_in[342]: [0.0, 1.0, 1.0, 0.0, 0.0, 0.0, 0.0, 1.0]
x_in[343]: [0.0, 0.0, 1.0, 0.0, 0.0, 0.0, 0.0, 0.0]
x_in[344]: [0.0, 1.0, 1.0, 0.0, 0.0, 0.0, 1.0, 0.0]
x_in[345]: [0.0, 1.0, 1.0, 0.0, 1.0, 0.0, 0.0, 1.0]
x_in[346]: [0.0, 1.0, 1.0, 1.0, 1.0, 0.0, 1.0, 0.0]
x_in[347]: [0.0, 1.0, 1.0, 0.0, 0.0, 0.0, 0.0, 1.0]
x_in[348]: [0.0, 1.0, 1.0, 1.0, 0.0, 0.0, 1.0, 0.0]
x_in[349]: [0.0, 1.0, 1.0, 1.0, 0.0, 0.0, 1.0, 0.0]
x_in[350]: [0.0, 1.0, 1.0, 0.0, 0.0, 1.0, 0.0, 1.0]
x_in[351]: [0.0, 0.0, 1.0, 0.0, 1.0, 1.0, 0.0, 0.0]
x_in[352]: [0.0, 0.0, 1.0, 0.0, 0.0, 0.0, 0.0, 0.0]
x_in[353]: [0.0, 1.0, 1.0, 1.0, 0.0, 0.0, 1.0, 1.0]
x_in[354]: [0.0, 1.0, 1.0, 0.0, 0.0, 0.0, 0.0, 1.0]
x_in[355]: [0.0, 1.0, 1.0, 1.0, 0.0, 1.0, 0.0, 0.0]
x_in[356]: [0.0, 1.0, 1.0, 0.0, 0.0, 0.0, 0.0, 1.0]
x_in[357]: [0.0, 1.0, 1.0, 0.0, 1.0, 1.0, 1.0, 0.0]
x_in[358]: [0.0, 1.0, 1.0, 0.0, 1.0, 0.0, 0.0, 1.0]
x_in[359]: [0.0, 1.0, 1.0, 0.0, 0.0, 0.0, 1.0, 1.0]
x_in[360]: [0.0, 0.0, 1.0, 0.0, 0.0, 0.0, 0.0, 0.0]
x_in[361]: [0.0, 1.0, 1.0, 0.0, 0.0, 0.0, 1.0, 1.0]
x_in[362]: [0.0, 1.0, 1.0, 0.0, 1.0, 0.0, 0.0, 0.0]
x_in[363]: [0.0, 1.0, 1.0, 0.0, 1.0, 0.0, 0.0, 1.0]
x_in[364]: [0.0, 1.0, 1.0, 0.0, 1.0, 1.0, 0.0, 0.0]
x_in[365]: [0.0, 1.0, 1.0, 0.0, 0.0, 1.0, 0.0, 0.0]
x_in[366]: [0.0, 0.0, 1.0, 0.0, 0.0, 0.0, 0.0, 0.0]
x_in[367]: [0.0, 1.0, 1.0, 1.0, 0.0, 0.0, 1.0, 1.0]
x_in[368]: [0.0, 1.0, 1.0, 0.0, 0.0, 1.0, 0.0, 1.0]
x_in[369]: [0.0, 1.0, 1.0, 1.0, 1.0, 0.0, 0.0, 0.0]
x_in[370]: [0.0, 0.0, 1.0, 0.0, 0.0, 0.0, 0.0, 0.0]
x_in[371]: [0.0, 1.0, 1.0, 0.0, 0.0, 0.0, 1.0, 1.0]
x_in[372]: [0.0, 1.0, 1.0, 1.0, 0.0, 1.0, 0.0, 1.0]
x_in[373]: [0.0, 1.0, 1.0, 0.0, 1.0, 1.0, 0.0, 0.0]
x_in[374]: [0.0, 1.0, 1.0, 1.0, 0.0, 1.0, 0.0, 0.0]
x_in[375]: [0.0, 0.0, 1.0, 0.0, 0.0, 0.0, 0.0, 0.0]
x_in[376]: [0.0, 1.0, 1.0, 0.0, 0.0, 0.0, 0.0, 1.0]
x_in[377]: [0.0, 1.0, 1.0, 0.0, 1.0, 1.0, 1.0, 0.0]
x_in[378]: [0.0, 1.0, 1.0, 0.0, 0.0, 1.0, 0.0, 0.0]
x_in[379]: [0.0, 0.0, 1.0, 0.0, 0.0, 0.0, 0.0, 0.0]
x_in[380]: [0.0, 1.0, 1.0, 1.0, 0.0, 0.0, 0.0, 0.0]
x_in[381]: [0.0, 1.0, 1.0, 0.0, 1.0, 1.0, 1.0, 1.0]
x_in[382]: [0.0, 1.0, 1.0, 1.0, 0.0, 0.0, 1.0, 0.0]
x_in[383]: [0.0, 1.0, 1.0, 0.0, 1.0, 1.0, 1.0, 0.0]
x_in[384]: [0.0, 1.0, 1.0, 0.0, 1.0, 1.0, 1.0, 1.0]
x_in[385]: [0.0, 1.0, 1.0, 0.0, 0.0, 1.0, 1.0, 1.0]
x_in[386]: [0.0, 1.0, 1.0, 1.0, 0.0, 0.0, 1.0, 0.0]
x_in[387]: [0.0, 1.0, 1.0, 0.0, 0.0, 0.0, 0.0, 1.0]
x_in[388]: [0.0, 1.0, 1.0, 1.0, 0.0, 0.0, 0.0, 0.0]
x_in[389]: [0.0, 1.0, 1.0, 0.0, 1.0, 0.0, 0.0, 0.0]
x_in[390]: [0.0, 1.0, 1.0, 1.0, 1.0, 0.0, 0.0, 1.0]
x_in[391]: [0.0, 0.0, 1.0, 0.0, 0.0, 0.0, 0.0, 0.0]
x_in[392]: [0.0, 1.0, 1.0, 1.0, 0.0, 0.0, 1.0, 0.0]
x_in[393]: [0.0, 1.0, 1.0, 0.0, 1.0, 0.0, 0.0, 1.0]
x_in[394]: [0.0, 1.0, 1.0, 0.0, 1.0, 1.0, 1.0, 0.0]
x_in[395]: [0.0, 1.0, 1.0, 0.0, 0.0, 1.0, 1.0, 1.0]
x_in[396]: [0.0, 0.0, 1.0, 0.0, 0.0, 0.0, 0.0, 0.0]
x_in[397]: [0.0, 1.0, 1.0, 1.0, 0.0, 1.0, 0.0, 1.0]
x_in[398]: [0.0, 1.0, 1.0, 1.0, 0.0, 0.0, 1.0, 1.0]
x_in[399]: [0.0, 1.0, 1.0, 0.0, 1.0, 0.0, 0.0, 1.0]
x_in[400]: [0.0, 1.0, 1.0, 0.0, 1.0, 1.0, 1.0, 0.0]
x_in[401]: [0.0, 1.0, 1.0, 0.0, 0.0, 1.0, 1.0, 1.0]
x_in[402]: [0.0, 0.0, 1.0, 0.0, 0.0, 0.0, 0.0, 0.0]
x_in[403]: [0.0, 1.0, 1.0, 1.0, 0.0, 1.0, 0.0, 0.0]
x_in[404]: [0.0, 1.0, 1.0, 0.0, 1.0, 0.0, 0.0, 0.0]
x_in[405]: [0.0, 1.0, 1.0, 0.0, 0.0, 1.0, 0.0, 1.0]
x_in[406]: [0.0, 0.0, 1.0, 0.0, 0.0, 0.0, 0.0, 0.0]
x_in[407]: [0.0, 1.0, 0.0, 1.0, 0.0, 1.0, 1.0, 1.0]
x_in[408]: [0.0, 1.0, 1.0, 0.0, 0.0, 0.0, 0.0, 1.0]
x_in[409]: [0.0, 1.0, 1.0, 1.0, 0.0, 0.0, 1.0, 1.0]
x_in[410]: [0.0, 1.0, 1.0, 0.0, 1.0, 0.0, 0.0, 0.0]
x_in[411]: [0.0, 1.0, 1.0, 0.0, 1.0, 0.0, 0.0, 1.0]
x_in[412]: [0.0, 1.0, 1.0, 0.0, 1.0, 1.0, 1.0, 0.0]
x_in[413]: [0.0, 1.0, 1.0, 0.0, 0.0, 1.0, 1.0, 1.0]
x_in[414]: [0.0, 1.0, 1.0, 1.0, 0.0, 1.0, 0.0, 0.0]
x_in[415]: [0.0, 1.0, 1.0, 0.0, 1.0, 1.0, 1.0, 1.0]
x_in[416]: [0.0, 1.0, 1.0, 0.0, 1.0, 1.0, 1.0, 0.0]
x_in[417]: [0.0, 0.0, 1.0, 0.0, 0.0, 0.0, 0.0, 0.0]
x_in[418]: [0.0, 1.0, 0.0, 0.0, 0.0, 1.0, 0.0, 0.0]
x_in[419]: [0.0, 0.0, 1.0, 0.0, 1.0, 1.0, 1.0, 0.0]
x_in[420]: [0.0, 1.0, 0.0, 0.0, 0.0, 0.0, 1.0, 1.0]
x_in[421]: [0.0, 0.0, 1.0, 0.0, 1.0, 1.0, 1.0, 0.0]
x_in[422]: [0.0, 0.0, 1.0, 0.0, 0.0, 0.0, 0.0, 0.0]
x_in[423]: [0.0, 1.0, 1.0, 1.0, 0.0, 0.0, 0.0, 0.0]
x_in[424]: [0.0, 1.0, 1.0, 0.0, 1.0, 0.0, 0.0, 1.0]
x_in[425]: [0.0, 1.0, 1.0, 1.0, 1.0, 0.0, 1.0, 0.0]
x_in[426]: [0.0, 1.0, 1.0, 1.0, 1.0, 0.0, 1.0, 0.0]
x_in[427]: [0.0, 1.0, 1.0, 0.0, 0.0, 0.0, 0.0, 1.0]
x_in[428]: [0.0, 0.0, 1.0, 0.0, 0.0, 0.0, 0.0, 0.0]
x_in[429]: [0.0, 1.0, 1.0, 1.0, 0.0, 0.0, 0.0, 0.0]
x_in[430]: [0.0, 1.0, 1.0, 0.0, 0.0, 0.0, 0.0, 1.0]
x_in[431]: [0.0, 1.0, 1.0, 1.0, 0.0, 0.0, 1.0, 0.0]
x_in[432]: [0.0, 1.0, 1.0, 0.0, 1.0, 1.0, 0.0, 0.0]
x_in[433]: [0.0, 1.0, 1.0, 0.0, 1.0, 1.0, 1.0, 1.0]
x_in[434]: [0.0, 1.0, 1.0, 1.0, 0.0, 0.0, 1.0, 0.0]
x_in[435]: [0.0, 0.0, 1.0, 0.0, 0.0, 0.0, 0.0, 0.0]
x_in[436]: [0.0, 1.0, 0.0, 0.0, 0.0, 0.0, 1.0, 1.0]
x_in[437]: [0.0, 1.0, 1.0, 0.0, 1.0, 1.0, 1.0, 1.0]
x_in[438]: [0.0, 1.0, 1.0, 0.0, 1.0, 1.0, 0.0, 1.0]
x_in[439]: [0.0, 1.0, 1.0, 0.0, 0.0, 1.0, 0.0, 1.0]
x_in[440]: [0.0, 1.0, 1.0, 1.0, 0.0, 1.0, 0.0, 0.0]
x_in[441]: [0.0, 0.0, 1.0, 0.0, 0.0, 0.0, 0.0, 0.0]
x_in[442]: [0.0, 1.0, 0.0, 1.0, 0.0, 0.0, 0.0, 0.0]
x_in[443]: [0.0, 1.0, 1.0, 0.0, 1.0, 0.0, 0.0, 1.0]
x_in[444]: [0.0, 1.0, 1.0, 0.0, 1.0, 1.0, 1.0, 0.0]
x_in[445]: [0.0, 1.0, 1.0, 0.0, 0.0, 1.0, 1.0, 1.0]
x_in[446]: [0.0, 0.0, 1.0, 0.0, 0.0, 0.0, 0.0, 0.0]
x_in[447]: [0.0, 1.0, 0.0, 1.0, 0.0, 0.0, 0.0, 0.0]
x_in[448]: [0.0, 1.0, 1.0, 0.0, 1.0, 1.0, 1.0, 1.0]
x_in[449]: [0.0, 1.0, 1.0, 0.0, 1.0, 1.0, 1.0, 0.0]
x_in[450]: [0.0, 1.0, 1.0, 0.0, 0.0, 1.0, 1.0, 1.0]
x_in[451]: [0.0, 0.0, 1.0, 0.0, 0.0, 0.0, 0.0, 0.0]
x_in[452]: [0.0, 1.0, 0.0, 1.0, 0.0, 0.0, 0.0, 0.0]
x_in[453]: [0.0, 1.0, 1.0, 0.0, 1.0, 0.0, 0.0, 1.0]
x_in[454]: [0.0, 1.0, 1.0, 1.0, 1.0, 0.0, 1.0, 0.0]
x_in[455]: [0.0, 1.0, 1.0, 1.0, 1.0, 0.0, 1.0, 0.0]
x_in[456]: [0.0, 1.0, 1.0, 0.0, 0.0, 0.0, 0.0, 1.0]
x_in[457]: [0.0, 0.0, 1.0, 0.0, 0.0, 0.0, 0.0, 0.0]
x_in[458]: [0.0, 1.0, 1.0, 0.0, 0.0, 0.0, 0.0, 1.0]
x_in[459]: [0.0, 1.0, 1.0, 1.0, 0.0, 0.0, 1.0, 1.0]
x_in[460]: [0.0, 0.0, 1.0, 0.0, 0.0, 0.0, 0.0, 0.0]
x_in[461]: [0.0, 1.0, 1.0, 0.0, 0.0, 0.0, 0.0, 1.0]
x_in[462]: [0.0, 0.0, 1.0, 0.0, 0.0, 0.0, 0.0, 0.0]
x_in[463]: [0.0, 1.0, 1.0, 0.0, 0.0, 1.0, 1.0, 0.0]
x_in[464]: [0.0, 1.0, 1.0, 1.0, 0.0, 0.0, 1.0, 0.0]
x_in[465]: [0.0, 1.0, 1.0, 0.0, 1.0, 1.0, 1.0, 1.0]
x_in[466]: [0.0, 1.0, 1.0, 0.0, 1.0, 1.0, 1.0, 0.0]
x_in[467]: [0.0, 1.0, 1.0, 1.0, 0.0, 1.0, 0.0, 0.0]
x_in[468]: [0.0, 0.0, 1.0, 0.0, 1.0, 1.0, 1.0, 0.0]
x_in[469]: [0.0, 0.0, 1.0, 0.0, 0.0, 0.0, 0.0, 0.0]
x_in[470]: [0.0, 1.0, 0.0, 1.0, 0.0, 1.0, 0.0, 0.0]
x_in[471]: [0.0, 1.0, 1.0, 0.0, 1.0, 0.0, 0.0, 0.0]
x_in[472]: [0.0, 1.0, 1.0, 0.0, 0.0, 1.0, 0.0, 1.0]
x_in[473]: [0.0, 0.0, 1.0, 0.0, 0.0, 0.0, 0.0, 0.0]
x_in[474]: [0.0, 1.0, 1.0, 0.0, 0.0, 0.0, 0.0, 1.0]
x_in[475]: [0.0, 1.0, 1.0, 0.0, 1.0, 1.0, 0.0, 0.0]
x_in[476]: [0.0, 1.0, 1.0, 0.0, 1.0, 1.0, 0.0, 0.0]
x_in[477]: [0.0, 1.0, 1.0, 0.0, 0.0, 1.0, 0.0, 1.0]
x_in[478]: [0.0, 1.0, 1.0, 0.0, 0.0, 1.0, 1.0, 1.0]
x_in[479]: [0.0, 1.0, 1.0, 0.0, 0.0, 0.0, 0.0, 1.0]
x_in[480]: [0.0, 1.0, 1.0, 1.0, 0.0, 1.0, 0.0, 0.0]
x_in[481]: [0.0, 1.0, 1.0, 0.0, 1.0, 0.0, 0.0, 1.0]
x_in[482]: [0.0, 1.0, 1.0, 0.0, 1.0, 1.0, 1.0, 1.0]
x_in[483]: [0.0, 1.0, 1.0, 0.0, 1.0, 1.0, 1.0, 0.0]
x_in[484]: [0.0, 1.0, 1.0, 1.0, 0.0, 0.0, 1.0, 1.0]
x_in[485]: [0.0, 0.0, 1.0, 0.0, 0.0, 0.0, 0.0, 0.0]
x_in[486]: [0.0, 1.0, 1.0, 1.0, 0.0, 0.0, 1.0, 0.0]
x_in[487]: [0.0, 1.0, 1.0, 0.0, 1.0, 1.0, 1.0, 1.0]
x_in[488]: [0.0, 1.0, 1.0, 0.0, 0.0, 0.0, 1.0, 1.0]
x_in[489]: [0.0, 1.0, 1.0, 0.0, 1.0, 0.0, 1.0, 1.0]
x_in[490]: [0.0, 1.0, 1.0, 0.0, 0.0, 1.0, 0.0, 1.0]
x_in[491]: [0.0, 1.0, 1.0, 0.0, 0.0, 1.0, 0.0, 0.0]
x_in[492]: [0.0, 0.0, 1.0, 0.0, 0.0, 0.0, 0.0, 0.0]
x_in[493]: [0.0, 1.0, 1.0, 1.0, 0.0, 1.0, 0.0, 0.0]
x_in[494]: [0.0, 1.0, 1.0, 0.0, 1.0, 0.0, 0.0, 0.0]
x_in[495]: [0.0, 1.0, 1.0, 0.0, 0.0, 1.0, 0.0, 1.0]
x_in[496]: [0.0, 0.0, 1.0, 0.0, 0.0, 0.0, 0.0, 0.0]
x_in[497]: [0.0, 1.0, 0.0, 0.0, 0.0, 1.0, 0.0, 0.0]
x_in[498]: [0.0, 1.0, 1.0, 0.0, 0.0, 1.0, 0.0, 1.0]
x_in[499]: [0.0, 1.0, 1.0, 0.0, 1.0, 1.0, 0.0, 1.0]
x_in[500]: [0.0, 1.0, 1.0, 0.0, 1.0, 1.0, 1.0, 1.0]
x_in[501]: [0.0, 1.0, 1.0, 0.0, 0.0, 0.0, 1.0, 1.0]
x_in[502]: [0.0, 1.0, 1.0, 1.0, 0.0, 0.0, 1.0, 0.0]
x_in[503]: [0.0, 1.0, 1.0, 0.0, 0.0, 0.0, 0.0, 1.0]
x_in[504]: [0.0, 1.0, 1.0, 1.0, 0.0, 1.0, 0.0, 0.0]
x_in[505]: [0.0, 1.0, 1.0, 0.0, 1.0, 0.0, 0.0, 1.0]
x_in[506]: [0.0, 1.0, 1.0, 0.0, 0.0, 0.0, 1.0, 1.0]
x_in[507]: [0.0, 0.0, 1.0, 0.0, 0.0, 0.0, 0.0, 0.0]
x_in[508]: [0.0, 1.0, 0.0, 1.0, 0.0, 0.0, 0.0, 0.0]
x_in[509]: [0.0, 1.0, 1.0, 0.0, 0.0, 0.0, 0.0, 1.0]
x_in[510]: [0.0, 1.0, 1.0, 1.0, 0.0, 0.0, 1.0, 0.0]
x_in[511]: [0.0, 1.0, 1.0, 1.0, 0.0, 1.0, 0.0, 0.0]
x_in[512]: [0.0, 1.0, 1.0, 1.0, 1.0, 0.0, 0.0, 1.0]
x_in[513]: [0.0, 0.0, 1.0, 0.0, 0.0, 0.0, 0.0, 0.0]
x_in[514]: [0.0, 1.0, 1.0, 0.0, 0.0, 0.0, 0.0, 1.0]
x_in[515]: [0.0, 1.0, 1.0, 0.0, 1.0, 1.0, 1.0, 0.0]
x_in[516]: [0.0, 1.0, 1.0, 0.0, 0.0, 1.0, 0.0, 0.0]
x_in[517]: [0.0, 0.0, 1.0, 0.0, 0.0, 0.0, 0.0, 0.0]
x_in[518]: [0.0, 1.0, 1.0, 0.0, 1.0, 1.0, 0.0, 1.0]
x_in[519]: [0.0, 1.0, 1.0, 0.0, 0.0, 0.0, 0.0, 1.0]
x_in[520]: [0.0, 1.0, 1.0, 1.0, 1.0, 0.0, 0.0, 1.0]
x_in[521]: [0.0, 0.0, 1.0, 0.0, 0.0, 0.0, 0.0, 0.0]
x_in[522]: [0.0, 1.0, 1.0, 0.0, 1.0, 0.0, 0.0, 0.0]
x_in[523]: [0.0, 1.0, 1.0, 0.0, 0.0, 0.0, 0.0, 1.0]
x_in[524]: [0.0, 1.0, 1.0, 1.0, 0.0, 1.0, 1.0, 0.0]
x_in[525]: [0.0, 1.0, 1.0, 0.0, 0.0, 1.0, 0.0, 1.0]
x_in[526]: [0.0, 0.0, 1.0, 0.0, 0.0, 0.0, 0.0, 0.0]
x_in[527]: [0.0, 1.0, 1.0, 0.0, 0.0, 0.0, 1.0, 1.0]
x_in[528]: [0.0, 1.0, 1.0, 0.0, 0.0, 0.0, 0.0, 1.0]
x_in[529]: [0.0, 1.0, 1.0, 1.0, 0.0, 1.0, 0.0, 1.0]
x_in[530]: [0.0, 1.0, 1.0, 1.0, 0.0, 0.0, 1.0, 1.0]
x_in[531]: [0.0, 1.0, 1.0, 0.0, 0.0, 1.0, 0.0, 1.0]
x_in[532]: [0.0, 1.0, 1.0, 0.0, 0.0, 1.0, 0.0, 0.0]
x_in[533]: [0.0, 0.0, 1.0, 0.0, 0.0, 0.0, 0.0, 0.0]
x_in[534]: [0.0, 1.0, 1.0, 1.0, 0.0, 0.0, 1.0, 1.0]
x_in[535]: [0.0, 1.0, 1.0, 0.0, 0.0, 1.0, 0.0, 1.0]
x_in[536]: [0.0, 1.0, 1.0, 1.0, 0.0, 0.0, 1.0, 0.0]
x_in[537]: [0.0, 1.0, 1.0, 0.0, 1.0, 0.0, 0.0, 1.0]
x_in[538]: [0.0, 1.0, 1.0, 0.0, 1.0, 1.0, 1.0, 1.0]
x_in[539]: [0.0, 1.0, 1.0, 1.0, 0.0, 1.0, 0.0, 1.0]
x_in[540]: [0.0, 1.0, 1.0, 1.0, 0.0, 0.0, 1.0, 1.0]
x_in[541]: [0.0, 0.0, 1.0, 0.0, 0.0, 0.0, 0.0, 0.0]
x_in[542]: [0.0, 1.0, 1.0, 0.0, 0.0, 1.0, 0.0, 0.0]
x_in[543]: [0.0, 1.0, 1.0, 0.0, 0.0, 0.0, 0.0, 1.0]
x_in[544]: [0.0, 1.0, 1.0, 0.0, 1.0, 1.0, 0.0, 1.0]
x_in[545]: [0.0, 1.0, 1.0, 0.0, 0.0, 0.0, 0.0, 1.0]
x_in[546]: [0.0, 1.0, 1.0, 0.0, 0.0, 1.0, 1.0, 1.0]
x_in[547]: [0.0, 1.0, 1.0, 0.0, 0.0, 1.0, 0.0, 1.0]
x_in[548]: [0.0, 0.0, 1.0, 0.0, 0.0, 0.0, 0.0, 0.0]
x_in[549]: [0.0, 1.0, 1.0, 1.0, 0.0, 1.0, 0.0, 0.0]
x_in[550]: [0.0, 1.0, 1.0, 0.0, 1.0, 1.0, 1.0, 1.0]
x_in[551]: [0.0, 0.0, 1.0, 0.0, 0.0, 0.0, 0.0, 0.0]
x_in[552]: [0.0, 1.0, 1.0, 1.0, 0.0, 1.0, 0.0, 0.0]
x_in[553]: [0.0, 1.0, 1.0, 0.0, 1.0, 0.0, 0.0, 0.0]
x_in[554]: [0.0, 1.0, 1.0, 0.0, 0.0, 1.0, 0.0, 1.0]
x_in[555]: [0.0, 0.0, 1.0, 0.0, 0.0, 0.0, 0.0, 0.0]
x_in[556]: [0.0, 1.0, 0.0, 0.0, 1.0, 0.0, 0.0, 0.0]
x_in[557]: [0.0, 1.0, 1.0, 0.0, 1.0, 0.0, 0.0, 1.0]
x_in[558]: [0.0, 1.0, 1.0, 0.0, 1.0, 1.0, 0.0, 0.0]
x_in[559]: [0.0, 1.0, 1.0, 0.0, 1.0, 1.0, 0.0, 0.0]
x_in[560]: [0.0, 1.0, 1.0, 0.0, 0.0, 0.0, 0.0, 1.0]
x_in[561]: [0.0, 1.0, 1.0, 1.0, 0.0, 0.0, 1.0, 0.0]
x_in[562]: [0.0, 1.0, 1.0, 1.0, 1.0, 0.0, 0.0, 1.0]
x_in[563]: [0.0, 0.0, 1.0, 0.0, 0.0, 0.0, 0.0, 0.0]
x_in[564]: [0.0, 1.0, 0.0, 0.0, 0.0, 0.0, 1.0, 1.0]
x_in[565]: [0.0, 1.0, 1.0, 0.0, 1.0, 1.0, 0.0, 0.0]
x_in[566]: [0.0, 1.0, 1.0, 0.0, 1.0, 0.0, 0.0, 1.0]
x_in[567]: [0.0, 1.0, 1.0, 0.0, 1.0, 1.0, 1.0, 0.0]
x_in[568]: [0.0, 1.0, 1.0, 1.0, 0.0, 1.0, 0.0, 0.0]
x_in[569]: [0.0, 1.0, 1.0, 0.0, 1.0, 1.0, 1.0, 1.0]
x_in[570]: [0.0, 1.0, 1.0, 0.0, 1.0, 1.0, 1.0, 0.0]
x_in[571]: [0.0, 0.0, 1.0, 0.0, 0.0, 0.0, 0.0, 0.0]
x_in[572]: [0.0, 1.0, 1.0, 1.0, 0.0, 0.0, 0.0, 0.0]
x_in[573]: [0.0, 1.0, 1.0, 1.0, 0.0, 0.0, 1.0, 0.0]
x_in[574]: [0.0, 1.0, 1.0, 0.0, 0.0, 1.0, 0.0, 1.0]
x_in[575]: [0.0, 1.0, 1.0, 1.0, 0.0, 0.0, 1.0, 1.0]
x_in[576]: [0.0, 1.0, 1.0, 0.0, 1.0, 0.0, 0.0, 1.0]
x_in[577]: [0.0, 1.0, 1.0, 0.0, 0.0, 1.0, 0.0, 0.0]
x_in[578]: [0.0, 1.0, 1.0, 0.0, 0.0, 1.0, 0.0, 1.0]
x_in[579]: [0.0, 1.0, 1.0, 0.0, 1.0, 1.0, 1.0, 0.0]
x_in[580]: [0.0, 1.0, 1.0, 1.0, 0.0, 1.0, 0.0, 0.0]
x_in[581]: [0.0, 1.0, 1.0, 0.0, 1.0, 0.0, 0.0, 1.0]
x_in[582]: [0.0, 1.0, 1.0, 0.0, 0.0, 0.0, 0.0, 1.0]
x_in[583]: [0.0, 1.0, 1.0, 0.0, 1.0, 1.0, 0.0, 0.0]
x_in[584]: [0.0, 0.0, 1.0, 0.0, 0.0, 0.0, 0.0, 0.0]
x_in[585]: [0.0, 1.0, 1.0, 0.0, 0.0, 0.0, 1.0, 1.0]
x_in[586]: [0.0, 1.0, 1.0, 0.0, 0.0, 0.0, 0.0, 1.0]
x_in[587]: [0.0, 1.0, 1.0, 0.0, 1.0, 1.0, 0.0, 1.0]
x_in[588]: [0.0, 1.0, 1.0, 1.0, 0.0, 0.0, 0.0, 0.0]
x_in[589]: [0.0, 1.0, 1.0, 0.0, 0.0, 0.0, 0.0, 1.0]
x_in[590]: [0.0, 1.0, 1.0, 0.0, 1.0, 0.0, 0.0, 1.0]
x_in[591]: [0.0, 1.0, 1.0, 0.0, 0.0, 1.0, 1.0, 1.0]
x_in[592]: [0.0, 1.0, 1.0, 0.0, 1.0, 1.0, 1.0, 0.0]
x_in[593]: [0.0, 0.0, 1.0, 0.0, 1.0, 1.0, 1.0, 0.0]
x_in[594]: [0.0, 0.0, 1.0, 0.0, 0.0, 0.0, 0.0, 0.0]
x_in[595]: [0.0, 1.0, 0.0, 1.0, 0.0, 1.0, 0.0, 0.0]
x_in[596]: [0.0, 1.0, 1.0, 0.0, 1.0, 1.0, 1.0, 1.0]
x_in[597]: [0.0, 1.0, 1.0, 1.0, 0.0, 0.0, 0.0, 0.0]
x_in[598]: [0.0, 0.0, 1.0, 0.0, 0.0, 0.0, 0.0, 0.0]
x_in[599]: [0.0, 1.0, 0.0, 1.0, 0.0, 1.0, 0.0, 1.0]
x_in[600]: [0.0, 0.0, 1.0, 0.0, 1.0, 1.0, 1.0, 0.0]
x_in[601]: [0.0, 1.0, 0.0, 1.0, 0.0, 0.0, 1.0, 1.0]
x_in[602]: [0.0, 0.0, 1.0, 0.0, 1.0, 1.0, 1.0, 0.0]
x_in[603]: [0.0, 0.0, 1.0, 0.0, 0.0, 0.0, 0.0, 0.0]
x_in[604]: [0.0, 1.0, 1.0, 0.0, 0.0, 1.0, 1.0, 0.0]
x_in[605]: [0.0, 1.0, 1.0, 0.0, 0.0, 1.0, 0.0, 1.0]
x_in[606]: [0.0, 1.0, 1.0, 0.0, 0.0, 1.0, 0.0, 0.0]
x_in[607]: [0.0, 1.0, 1.0, 0.0, 0.0, 1.0, 0.0, 1.0]
x_in[608]: [0.0, 1.0, 1.0, 1.0, 0.0, 0.0, 1.0, 0.0]
x_in[609]: [0.0, 1.0, 1.0, 0.0, 0.0, 0.0, 0.0, 1.0]
x_in[610]: [0.0, 1.0, 1.0, 0.0, 1.0, 1.0, 0.0, 0.0]
x_in[611]: [0.0, 0.0, 1.0, 0.0, 0.0, 0.0, 0.0, 0.0]
x_in[612]: [0.0, 1.0, 1.0, 0.0, 1.0, 0.0, 0.0, 1.0]
x_in[613]: [0.0, 1.0, 1.0, 0.0, 1.0, 1.0, 1.0, 0.0]
x_in[614]: [0.0, 1.0, 1.0, 1.0, 0.0, 1.0, 1.0, 0.0]
x_in[615]: [0.0, 1.0, 1.0, 0.0, 0.0, 1.0, 0.0, 1.0]
x_in[616]: [0.0, 1.0, 1.0, 1.0, 0.0, 0.0, 1.0, 1.0]
x_in[617]: [0.0, 1.0, 1.0, 1.0, 0.0, 1.0, 0.0, 0.0]
x_in[618]: [0.0, 1.0, 1.0, 0.0, 1.0, 0.0, 0.0, 1.0]
x_in[619]: [0.0, 1.0, 1.0, 0.0, 0.0, 1.0, 1.0, 1.0]
x_in[620]: [0.0, 1.0, 1.0, 0.0, 0.0, 0.0, 0.0, 1.0]
x_in[621]: [0.0, 1.0, 1.0, 1.0, 0.0, 1.0, 0.0, 0.0]
x_in[622]: [0.0, 1.0, 1.0, 0.0, 1.0, 1.0, 1.0, 1.0]
x_in[623]: [0.0, 1.0, 1.0, 1.0, 0.0, 0.0, 1.0, 0.0]
x_in[624]: [0.0, 1.0, 1.0, 1.0, 0.0, 0.0, 1.0, 1.0]
x_in[625]: [0.0, 0.0, 1.0, 0.0, 0.0, 0.0, 0.0, 0.0]
x_in[626]: [0.0, 1.0, 1.0, 0.0, 1.0, 0.0, 0.0, 0.0]
x_in[627]: [0.0, 1.0, 1.0, 0.0, 0.0, 0.0, 0.0, 1.0]
x_in[628]: [0.0, 1.0, 1.0, 1.0, 0.0, 1.0, 1.0, 0.0]
x_in[629]: [0.0, 1.0, 1.0, 0.0, 0.0, 1.0, 0.0, 1.0]
x_in[630]: [0.0, 0.0, 1.0, 0.0, 0.0, 0.0, 0.0, 0.0]
x_in[631]: [0.0, 1.0, 1.0, 0.0, 1.0, 1.0, 1.0, 0.0]
x_in[632]: [0.0, 1.0, 1.0, 0.0, 1.0, 1.0, 1.0, 1.0]
x_in[633]: [0.0, 1.0, 1.0, 1.0, 0.0, 1.0, 1.0, 1.0]
x_in[634]: [0.0, 0.0, 1.0, 0.0, 0.0, 0.0, 0.0, 0.0]
x_in[635]: [0.0, 1.0, 1.0, 0.0, 0.0, 0.0, 1.0, 1.0]
x_in[636]: [0.0, 1.0, 1.0, 0.0, 1.0, 1.0, 1.0, 1.0]
x_in[637]: [0.0, 1.0, 1.0, 0.0, 1.0, 1.0, 1.0, 0.0]
x_in[638]: [0.0, 1.0, 1.0, 0.0, 0.0, 1.0, 1.0, 0.0]
x_in[639]: [0.0, 1.0, 1.0, 0.0, 1.0, 0.0, 0.0, 1.0]
x_in[640]: [0.0, 1.0, 1.0, 1.0, 0.0, 0.0, 1.0, 0.0]
x_in[641]: [0.0, 1.0, 1.0, 0.0, 1.0, 1.0, 0.0, 1.0]
x_in[642]: [0.0, 1.0, 1.0, 0.0, 0.0, 1.0, 0.0, 1.0]
x_in[643]: [0.0, 1.0, 1.0, 0.0, 0.0, 1.0, 0.0, 0.0]
x_in[644]: [0.0, 0.0, 1.0, 0.0, 0.0, 0.0, 0.0, 0.0]
x_in[645]: [0.0, 1.0, 1.0, 1.0, 0.0, 1.0, 0.0, 0.0]
x_in[646]: [0.0, 1.0, 1.0, 0.0, 1.0, 0.0, 0.0, 0.0]
x_in[647]: [0.0, 1.0, 1.0, 0.0, 0.0, 0.0, 0.0, 1.0]
x_in[648]: [0.0, 1.0, 1.0, 1.0, 0.0, 1.0, 0.0, 0.0]
x_in[649]: [0.0, 0.0, 1.0, 0.0, 0.0, 0.0, 0.0, 0.0]
x_in[650]: [0.0, 1.0, 1.0, 1.0, 0.0, 1.0, 0.0, 0.0]
x_in[651]: [0.0, 1.0, 1.0, 0.0, 1.0, 0.0, 0.0, 0.0]
x_in[652]: [0.0, 1.0, 1.0, 0.0, 0.0, 1.0, 0.0, 1.0]
x_in[653]: [0.0, 1.0, 1.0, 1.0, 1.0, 0.0, 0.0, 1.0]
x_in[654]: [0.0, 0.0, 1.0, 0.0, 0.0, 0.0, 0.0, 0.0]
x_in[655]: [0.0, 1.0, 1.0, 0.0, 1.0, 0.0, 0.0, 0.0]
x_in[656]: [0.0, 1.0, 1.0, 0.0, 0.0, 0.0, 0.0, 1.0]
x_in[657]: [0.0, 1.0, 1.0, 1.0, 0.0, 1.0, 1.0, 0.0]
x_in[658]: [0.0, 1.0, 1.0, 0.0, 0.0, 1.0, 0.0, 1.0]
x_in[659]: [0.0, 0.0, 1.0, 0.0, 0.0, 0.0, 0.0, 0.0]
x_in[660]: [0.0, 1.0, 1.0, 1.0, 0.0, 1.0, 1.0, 0.0]
x_in[661]: [0.0, 1.0, 1.0, 0.0, 0.0, 1.0, 0.0, 1.0]
x_in[662]: [0.0, 1.0, 1.0, 1.0, 0.0, 0.0, 1.0, 0.0]
x_in[663]: [0.0, 1.0, 1.0, 0.0, 1.0, 0.0, 0.0, 1.0]
x_in[664]: [0.0, 1.0, 1.0, 0.0, 0.0, 1.0, 1.0, 0.0]
x_in[665]: [0.0, 1.0, 1.0, 0.0, 1.0, 0.0, 0.0, 1.0]
x_in[666]: [0.0, 1.0, 1.0, 0.0, 0.0, 1.0, 0.0, 1.0]
x_in[667]: [0.0, 1.0, 1.0, 0.0, 0.0, 1.0, 0.0, 0.0]
x_in[668]: [0.0, 0.0, 1.0, 0.0, 0.0, 0.0, 0.0, 0.0]
x_in[669]: [0.0, 1.0, 1.0, 0.0, 1.0, 1.0, 0.0, 1.0]
x_in[670]: [0.0, 1.0, 1.0, 0.0, 0.0, 0.0, 0.0, 1.0]
x_in[671]: [0.0, 1.0, 1.0, 0.0, 1.0, 1.0, 1.0, 0.0]
x_in[672]: [0.0, 1.0, 1.0, 1.0, 1.0, 0.0, 0.0, 1.0]
x_in[673]: [0.0, 0.0, 1.0, 0.0, 0.0, 0.0, 0.0, 0.0]
x_in[674]: [0.0, 1.0, 1.0, 0.0, 1.0, 1.0, 1.0, 1.0]
x_in[675]: [0.0, 1.0, 1.0, 0.0, 0.0, 1.0, 1.0, 0.0]
x_in[676]: [0.0, 0.0, 1.0, 0.0, 0.0, 0.0, 0.0, 0.0]
x_in[677]: [0.0, 1.0, 1.0, 1.0, 0.0, 1.0, 0.0, 0.0]
x_in[678]: [0.0, 1.0, 1.0, 0.0, 1.0, 0.0, 0.0, 0.0]
x_in[679]: [0.0, 1.0, 1.0, 0.0, 0.0, 1.0, 0.0, 1.0]
x_in[680]: [0.0, 1.0, 1.0, 1.0, 0.0, 0.0, 1.0, 1.0]
x_in[681]: [0.0, 1.0, 1.0, 0.0, 0.0, 1.0, 0.0, 1.0]
x_in[682]: [0.0, 0.0, 1.0, 0.0, 0.0, 0.0, 0.0, 0.0]
x_in[683]: [0.0, 1.0, 1.0, 0.0, 0.0, 0.0, 1.0, 1.0]
x_in[684]: [0.0, 1.0, 1.0, 0.0, 1.0, 1.0, 0.0, 0.0]
x_in[685]: [0.0, 1.0, 1.0, 0.0, 0.0, 0.0, 0.0, 1.0]
x_in[686]: [0.0, 1.0, 1.0, 0.0, 1.0, 0.0, 0.0, 1.0]
x_in[687]: [0.0, 1.0, 1.0, 0.0, 1.0, 1.0, 0.0, 1.0]
x_in[688]: [0.0, 1.0, 1.0, 1.0, 0.0, 0.0, 1.0, 1.0]
x_in[689]: [0.0, 0.0, 1.0, 0.0, 0.0, 0.0, 0.0, 0.0]
x_in[690]: [0.0, 1.0, 1.0, 0.0, 0.0, 0.0, 0.0, 1.0]
x_in[691]: [0.0, 1.0, 1.0, 0.0, 0.0, 1.0, 1.0, 0.0]
x_in[692]: [0.0, 1.0, 1.0, 1.0, 0.0, 1.0, 0.0, 0.0]
x_in[693]: [0.0, 1.0, 1.0, 0.0, 0.0, 1.0, 0.0, 1.0]
x_in[694]: [0.0, 1.0, 1.0, 1.0, 0.0, 0.0, 1.0, 0.0]
x_in[695]: [0.0, 0.0, 1.0, 0.0, 0.0, 0.0, 0.0, 0.0]
x_in[696]: [0.0, 1.0, 1.0, 0.0, 0.0, 1.0, 0.0, 1.0]
x_in[697]: [0.0, 1.0, 1.0, 1.0, 1.0, 0.0, 0.0, 0.0]
x_in[698]: [0.0, 1.0, 1.0, 0.0, 0.0, 1.0, 0.0, 1.0]
x_in[699]: [0.0, 1.0, 1.0, 0.0, 0.0, 0.0, 1.0, 1.0]
x_in[700]: [0.0, 1.0, 1.0, 1.0, 0.0, 1.0, 0.0, 1.0]
x_in[701]: [0.0, 1.0, 1.0, 1.0, 0.0, 1.0, 0.0, 0.0]
x_in[702]: [0.0, 1.0, 1.0, 0.0, 1.0, 0.0, 0.0, 1.0]
x_in[703]: [0.0, 1.0, 1.0, 0.0, 1.0, 1.0, 1.0, 0.0]
x_in[704]: [0.0, 1.0, 1.0, 0.0, 0.0, 1.0, 1.0, 1.0]
x_in[705]: [0.0, 0.0, 1.0, 0.0, 0.0, 0.0, 0.0, 0.0]
x_in[706]: [0.0, 1.0, 1.0, 1.0, 0.0, 0.0, 1.0, 0.0]
x_in[707]: [0.0, 1.0, 1.0, 0.0, 0.0, 0.0, 0.0, 1.0]
x_in[708]: [0.0, 1.0, 1.0, 0.0, 1.0, 0.0, 0.0, 1.0]
x_in[709]: [0.0, 1.0, 1.0, 0.0, 0.0, 1.0, 0.0, 0.0]
x_in[710]: [0.0, 1.0, 1.0, 1.0, 0.0, 0.0, 1.0, 1.0]
x_in[711]: [0.0, 0.0, 1.0, 0.0, 0.0, 0.0, 0.0, 0.0]
x_in[712]: [0.0, 1.0, 1.0, 0.0, 1.0, 1.0, 1.0, 1.0]
x_in[713]: [0.0, 1.0, 1.0, 0.0, 1.0, 1.0, 1.0, 0.0]
x_in[714]: [0.0, 0.0, 1.0, 0.0, 0.0, 0.0, 0.0, 0.0]
x_in[715]: [0.0, 1.0, 1.0, 1.0, 0.0, 1.0, 0.0, 0.0]
x_in[716]: [0.0, 1.0, 1.0, 0.0, 1.0, 0.0, 0.0, 0.0]
x_in[717]: [0.0, 1.0, 1.0, 0.0, 0.0, 1.0, 0.0, 1.0]
x_in[718]: [0.0, 0.0, 1.0, 0.0, 0.0, 0.0, 0.0, 0.0]
x_in[719]: [0.0, 1.0, 1.0, 0.0, 1.0, 1.0, 1.0, 1.0]
x_in[720]: [0.0, 1.0, 1.0, 0.0, 0.0, 1.0, 1.0, 0.0]
x_in[721]: [0.0, 1.0, 1.0, 0.0, 0.0, 1.0, 1.0, 0.0]
x_in[722]: [0.0, 1.0, 1.0, 0.0, 1.0, 0.0, 0.0, 1.0]
x_in[723]: [0.0, 1.0, 1.0, 0.0, 0.0, 0.0, 1.0, 1.0]
x_in[724]: [0.0, 1.0, 1.0, 0.0, 0.0, 1.0, 0.0, 1.0]
x_in[725]: [0.0, 1.0, 1.0, 1.0, 0.0, 0.0, 1.0, 1.0]
x_in[726]: [0.0, 0.0, 1.0, 0.0, 0.0, 0.0, 0.0, 0.0]
x_in[727]: [0.0, 1.0, 1.0, 0.0, 1.0, 1.0, 1.0, 1.0]
x_in[728]: [0.0, 1.0, 1.0, 0.0, 0.0, 1.0, 1.0, 0.0]
x_in[729]: [0.0, 0.0, 1.0, 0.0, 0.0, 0.0, 0.0, 0.0]
x_in[730]: [0.0, 1.0, 1.0, 1.0, 0.0, 0.0, 1.0, 1.0]
x_in[731]: [0.0, 1.0, 1.0, 0.0, 0.0, 1.0, 0.0, 1.0]
x_in[732]: [0.0, 1.0, 1.0, 1.0, 0.0, 1.0, 1.0, 0.0]
x_in[733]: [0.0, 1.0, 1.0, 0.0, 0.0, 1.0, 0.0, 1.0]
x_in[734]: [0.0, 1.0, 1.0, 1.0, 0.0, 0.0, 1.0, 0.0]
x_in[735]: [0.0, 1.0, 1.0, 0.0, 0.0, 0.0, 0.0, 1.0]
x_in[736]: [0.0, 1.0, 1.0, 0.0, 1.0, 1.0, 0.0, 0.0]
x_in[737]: [0.0, 0.0, 1.0, 0.0, 0.0, 0.0, 0.0, 0.0]
x_in[738]: [0.0, 1.0, 1.0, 0.0, 1.0, 1.0, 1.0, 1.0]
x_in[739]: [0.0, 1.0, 1.0, 0.0, 0.0, 1.0, 1.0, 0.0]
x_in[740]: [0.0, 0.0, 1.0, 0.0, 0.0, 0.0, 0.0, 0.0]
x_in[741]: [0.0, 1.0, 1.0, 1.0, 0.0, 1.0, 0.0, 0.0]
x_in[742]: [0.0, 1.0, 1.0, 0.0, 1.0, 0.0, 0.0, 0.0]
x_in[743]: [0.0, 1.0, 1.0, 0.0, 0.0, 1.0, 0.0, 1.0]
x_in[744]: [0.0, 0.0, 1.0, 0.0, 0.0, 0.0, 0.0, 0.0]
x_in[745]: [0.0, 1.0, 1.0, 0.0, 1.0, 0.0, 1.0, 1.0]
x_in[746]: [0.0, 1.0, 1.0, 0.0, 0.0, 1.0, 0.0, 1.0]
x_in[747]: [0.0, 1.0, 1.0, 1.0, 1.0, 0.0, 0.0, 1.0]
x_in[748]: [0.0, 0.0, 1.0, 0.0, 0.0, 0.0, 0.0, 0.0]
x_in[749]: [0.0, 1.0, 1.0, 1.0, 0.0, 0.0, 0.0, 0.0]
x_in[750]: [0.0, 1.0, 1.0, 0.0, 1.0, 1.0, 0.0, 0.0]
x_in[751]: [0.0, 1.0, 1.0, 0.0, 0.0, 0.0, 0.0, 1.0]
x_in[752]: [0.0, 1.0, 1.0, 1.0, 1.0, 0.0, 0.0, 1.0]
x_in[753]: [0.0, 1.0, 1.0, 0.0, 0.0, 1.0, 0.0, 1.0]
x_in[754]: [0.0, 1.0, 1.0, 1.0, 0.0, 0.0, 1.0, 0.0]
x_in[755]: [0.0, 1.0, 1.0, 1.0, 0.0, 0.0, 1.0, 1.0]
x_in[756]: [0.0, 0.0, 1.0, 0.0, 1.0, 1.0, 1.0, 0.0]
x_in[757]: [0.0, 0.0, 1.0, 0.0, 0.0, 0.0, 0.0, 0.0]
x_in[758]: [0.0, 1.0, 0.0, 0.0, 0.0, 0.0, 1.0, 1.0]
x_in[759]: [0.0, 1.0, 1.0, 0.0, 1.0, 0.0, 0.0, 0.0]
x_in[760]: [0.0, 1.0, 1.0, 0.0, 0.0, 0.0, 0.0, 1.0]
x_in[761]: [0.0, 1.0, 1.0, 1.0, 0.0, 0.0, 1.0, 0.0]
x_in[762]: [0.0, 1.0, 1.0, 0.0, 0.0, 1.0, 1.0, 1.0]
x_in[763]: [0.0, 1.0, 1.0, 0.0, 0.0, 1.0, 0.0, 1.0]
x_in[764]: [0.0, 1.0, 1.0, 1.0, 0.0, 0.0, 1.0, 1.0]
x_in[765]: [0.0, 0.0, 1.0, 0.0, 0.0, 0.0, 0.0, 0.0]
x_in[766]: [0.0, 1.0, 1.0, 0.0, 0.0, 0.0, 0.0, 1.0]
x_in[767]: [0.0, 1.0, 1.0, 1.0, 0.0, 0.0, 1.0, 0.0]
x_in[768]: [0.0, 1.0, 1.0, 0.0, 0.0, 1.0, 0.0, 1.0]
x_in[769]: [0.0, 0.0, 1.0, 0.0, 0.0, 0.0, 0.0, 0.0]
x_in[770]: [0.0, 1.0, 1.0, 0.0, 0.0, 1.0, 0.0, 1.0]
x_in[771]: [0.0, 1.0, 1.0, 1.0, 1.0, 0.0, 0.0, 0.0]
x_in[772]: [0.0, 1.0, 1.0, 1.0, 0.0, 0.0, 0.0, 0.0]
x_in[773]: [0.0, 1.0, 1.0, 0.0, 0.0, 1.0, 0.0, 1.0]
x_in[774]: [0.0, 1.0, 1.0, 0.0, 0.0, 0.0, 1.0, 1.0]
x_in[775]: [0.0, 1.0, 1.0, 1.0, 0.0, 1.0, 0.0, 0.0]
x_in[776]: [0.0, 1.0, 1.0, 0.0, 0.0, 1.0, 0.0, 1.0]
x_in[777]: [0.0, 1.0, 1.0, 0.0, 0.0, 1.0, 0.0, 0.0]
x_in[778]: [0.0, 0.0, 1.0, 0.0, 0.0, 0.0, 0.0, 0.0]
x_in[779]: [0.0, 1.0, 1.0, 1.0, 0.0, 1.0, 0.0, 0.0]
x_in[780]: [0.0, 1.0, 1.0, 0.0, 1.0, 1.0, 1.0, 1.0]
x_in[781]: [0.0, 0.0, 1.0, 0.0, 0.0, 0.0, 0.0, 0.0]
x_in[782]: [0.0, 1.0, 1.0, 0.0, 0.0, 0.0, 1.0, 0.0]
x_in[783]: [0.0, 1.0, 1.0, 0.0, 0.0, 1.0, 0.0, 1.0]
x_in[784]: [0.0, 0.0, 1.0, 0.0, 0.0, 0.0, 0.0, 0.0]
x_in[785]: [0.0, 1.0, 1.0, 0.0, 0.0, 1.0, 1.0, 0.0]
x_in[786]: [0.0, 1.0, 1.0, 0.0, 1.0, 0.0, 0.0, 1.0]
x_in[787]: [0.0, 1.0, 1.0, 0.0, 1.0, 1.0, 0.0, 0.0]
x_in[788]: [0.0, 1.0, 1.0, 0.0, 0.0, 1.0, 0.0, 1.0]
x_in[789]: [0.0, 1.0, 1.0, 0.0, 0.0, 1.0, 0.0, 0.0]
x_in[790]: [0.0, 0.0, 1.0, 0.0, 0.0, 0.0, 0.0, 0.0]
x_in[791]: [0.0, 1.0, 1.0, 0.0, 1.0, 0.0, 0.0, 1.0]
x_in[792]: [0.0, 1.0, 1.0, 0.0, 1.0, 1.0, 1.0, 0.0]
x_in[793]: [0.0, 0.0, 1.0, 0.0, 0.0, 0.0, 0.0, 0.0]
x_in[794]: [0.0, 1.0, 1.0, 1.0, 0.0, 1.0, 0.0, 0.0]
x_in[795]: [0.0, 1.0, 1.0, 0.0, 1.0, 0.0, 0.0, 0.0]
x_in[796]: [0.0, 1.0, 1.0, 0.0, 0.0, 1.0, 0.0, 1.0]
x_in[797]: [0.0, 0.0, 1.0, 0.0, 0.0, 0.0, 0.0, 0.0]
x_in[798]: [0.0, 1.0, 1.0, 0.0, 0.0, 0.0, 1.0, 1.0]
x_in[799]: [0.0, 1.0, 1.0, 0.0, 1.0, 1.0, 1.0, 1.0]
x_in[800]: [0.0, 1.0, 1.0, 0.0, 1.0, 1.0, 0.0, 1.0]
x_in[801]: [0.0, 1.0, 1.0, 0.0, 1.0, 0.0, 0.0, 1.0]
x_in[802]: [0.0, 1.0, 1.0, 0.0, 1.0, 1.0, 1.0, 0.0]
x_in[803]: [0.0, 1.0, 1.0, 0.0, 0.0, 1.0, 1.0, 1.0]
x_in[804]: [0.0, 0.0, 1.0, 0.0, 0.0, 0.0, 0.0, 0.0]
x_in[805]: [0.0, 1.0, 1.0, 0.0, 0.0, 1.0, 0.0, 0.0]
x_in[806]: [0.0, 1.0, 1.0, 0.0, 0.0, 0.0, 0.0, 1.0]
x_in[807]: [0.0, 1.0, 1.0, 1.0, 1.0, 0.0, 0.0, 1.0]
x_in[808]: [0.0, 1.0, 1.0, 1.0, 0.0, 0.0, 1.0, 1.0]
x_in[809]: [0.0, 0.0, 1.0, 0.0, 1.0, 1.0, 1.0, 0.0]
x_in[810]: [0.0, 0.0, 1.0, 0.0, 0.0, 0.0, 0.0, 0.0]
x_in[811]: [0.0, 1.0, 0.0, 1.0, 0.0, 1.0, 0.0, 0.0]
x_in[812]: [0.0, 1.0, 1.0, 0.0, 1.0, 0.0, 0.0, 0.0]
x_in[813]: [0.0, 1.0, 1.0, 0.0, 0.0, 1.0, 0.0, 1.0]
x_in[814]: [0.0, 0.0, 1.0, 0.0, 0.0, 0.0, 0.0, 0.0]
x_in[815]: [0.0, 1.0, 1.0, 0.0, 1.0, 1.0, 1.0, 0.0]
x_in[816]: [0.0, 1.0, 1.0, 0.0, 0.0, 1.0, 0.0, 1.0]
x_in[817]: [0.0, 1.0, 1.0, 1.0, 0.0, 1.0, 1.0, 1.0]
x_in[818]: [0.0, 1.0, 1.0, 1.0, 0.0, 0.0, 1.0, 1.0]
x_in[819]: [0.0, 0.0, 1.0, 0.0, 0.0, 0.0, 0.0, 0.0]
x_in[820]: [0.0, 1.0, 1.0, 0.0, 0.0, 0.0, 1.0, 1.0]
x_in[821]: [0.0, 1.0, 1.0, 0.0, 1.0, 1.0, 1.0, 1.0]
x_in[822]: [0.0, 1.0, 1.0, 0.0, 1.0, 1.0, 0.0, 1.0]
x_in[823]: [0.0, 1.0, 1.0, 0.0, 0.0, 1.0, 0.0, 1.0]
x_in[824]: [0.0, 1.0, 1.0, 1.0, 0.0, 0.0, 1.0, 1.0]
x_in[825]: [0.0, 0.0, 1.0, 0.0, 0.0, 0.0, 0.0, 0.0]
x_in[826]: [0.0, 1.0, 1.0, 0.0, 0.0, 0.0, 0.0, 1.0]
x_in[827]: [0.0, 1.0, 1.0, 1.0, 0.0, 0.0, 1.0, 1.0]
x_in[828]: [0.0, 0.0, 1.0, 0.0, 0.0, 0.0, 0.0, 0.0]
x_in[829]: [0.0, 1.0, 1.0, 0.0, 0.0, 0.0, 0.0, 1.0]
x_in[830]: [0.0, 0.0, 1.0, 0.0, 0.0, 0.0, 0.0, 0.0]
x_in[831]: [0.0, 1.0, 1.0, 1.0, 0.0, 1.0, 1.0, 1.0]
x_in[832]: [0.0, 1.0, 1.0, 0.0, 0.0, 1.0, 0.0, 1.0]
x_in[833]: [0.0, 1.0, 1.0, 0.0, 1.0, 1.0, 0.0, 0.0]
x_in[834]: [0.0, 1.0, 1.0, 0.0, 0.0, 0.0, 1.0, 1.0]
x_in[835]: [0.0, 1.0, 1.0, 0.0, 1.0, 1.0, 1.0, 1.0]
x_in[836]: [0.0, 1.0, 1.0, 0.0, 1.0, 1.0, 0.0, 1.0]
x_in[837]: [0.0, 1.0, 1.0, 0.0, 0.0, 1.0, 0.0, 1.0]
x_in[838]: [0.0, 0.0, 1.0, 0.0, 0.0, 0.0, 0.0, 0.0]
x_in[839]: [0.0, 1.0, 1.0, 1.0, 0.0, 1.0, 1.0, 0.0]
x_in[840]: [0.0, 1.0, 1.0, 0.0, 1.0, 0.0, 0.0, 1.0]
x_in[841]: [0.0, 1.0, 1.0, 0.0, 1.0, 1.0, 1.0, 0.0]
x_in[842]: [0.0, 1.0, 1.0, 0.0, 0.0, 1.0, 0.0, 0.0]
x_in[843]: [0.0, 1.0, 1.0, 0.0, 1.0, 0.0, 0.0, 1.0]
x_in[844]: [0.0, 1.0, 1.0, 0.0, 0.0, 0.0, 1.0, 1.0]
x_in[845]: [0.0, 1.0, 1.0, 0.0, 0.0, 0.0, 0.0, 1.0]
x_in[846]: [0.0, 1.0, 1.0, 1.0, 0.0, 1.0, 0.0, 0.0]
x_in[847]: [0.0, 1.0, 1.0, 0.0, 1.0, 0.0, 0.0, 1.0]
x_in[848]: [0.0, 1.0, 1.0, 0.0, 1.0, 1.0, 1.0, 1.0]
x_in[849]: [0.0, 1.0, 1.0, 0.0, 1.0, 1.0, 1.0, 0.0]
x_in[850]: [0.0, 0.0, 1.0, 0.0, 0.0, 0.0, 0.0, 0.0]
x_in[851]: [0.0, 1.0, 1.0, 0.0, 0.0, 1.0, 1.0, 0.0]
x_in[852]: [0.0, 1.0, 1.0, 0.0, 1.0, 1.0, 1.0, 1.0]
x_in[853]: [0.0, 1.0, 1.0, 1.0, 0.0, 0.0, 1.0, 0.0]
x_in[854]: [0.0, 0.0, 1.0, 0.0, 0.0, 0.0, 0.0, 0.0]
x_in[855]: [0.0, 1.0, 0.0, 0.0, 1.0, 0.0, 1.0, 0.0]
x_in[856]: [0.0, 1.0, 1.0, 0.0, 1.0, 1.0, 1.0, 1.0]
x_in[857]: [0.0, 1.0, 1.0, 0.0, 1.0, 1.0, 1.0, 0.0]
x_in[858]: [0.0, 1.0, 1.0, 0.0, 0.0, 1.0, 0.0, 1.0]
x_in[859]: [0.0, 1.0, 1.0, 1.0, 0.0, 0.0, 1.0, 1.0]
x_in[860]: [0.0, 0.0, 1.0, 0.0, 1.0, 1.0, 0.0, 0.0]
x_in[861]: [0.0, 0.0, 1.0, 0.0, 0.0, 0.0, 0.0, 0.0]
x_in[862]: [0.0, 1.0, 1.0, 1.0, 0.0, 1.0, 1.0, 1.0]
x_in[863]: [0.0, 1.0, 1.0, 0.0, 1.0, 0.0, 0.0, 0.0]
x_in[864]: [0.0, 1.0, 1.0, 0.0, 1.0, 1.0, 1.0, 1.0]
x_in[865]: [0.0, 0.0, 1.0, 0.0, 0.0, 0.0, 0.0, 0.0]
x_in[866]: [0.0, 1.0, 1.0, 0.0, 1.0, 0.0, 0.0, 0.0]
x_in[867]: [0.0, 1.0, 1.0, 0.0, 0.0, 0.0, 0.0, 1.0]
x_in[868]: [0.0, 1.0, 1.0, 1.0, 0.0, 0.0, 1.0, 1.0]
x_in[869]: [0.0, 0.0, 1.0, 0.0, 0.0, 0.0, 0.0, 0.0]
x_in[870]: [0.0, 1.0, 1.0, 0.0, 0.0, 0.0, 1.0, 0.0]
x_in[871]: [0.0, 1.0, 1.0, 0.0, 0.0, 1.0, 0.0, 1.0]
x_in[872]: [0.0, 1.0, 1.0, 0.0, 0.0, 1.0, 0.0, 1.0]
x_in[873]: [0.0, 1.0, 1.0, 0.0, 1.0, 1.0, 1.0, 0.0]
x_in[874]: [0.0, 0.0, 1.0, 0.0, 0.0, 0.0, 0.0, 0.0]
x_in[875]: [0.0, 1.0, 1.0, 0.0, 0.0, 0.0, 0.0, 1.0]
x_in[876]: [0.0, 1.0, 1.0, 0.0, 0.0, 0.0, 1.0, 1.0]
x_in[877]: [0.0, 1.0, 1.0, 0.0, 0.0, 0.0, 1.0, 1.0]
x_in[878]: [0.0, 1.0, 1.0, 1.0, 0.0, 1.0, 0.0, 1.0]
x_in[879]: [0.0, 1.0, 1.0, 1.0, 0.0, 0.0, 1.0, 1.0]
x_in[880]: [0.0, 1.0, 1.0, 0.0, 0.0, 1.0, 0.0, 1.0]
x_in[881]: [0.0, 1.0, 1.0, 0.0, 0.0, 1.0, 0.0, 0.0]
x_in[882]: [0.0, 0.0, 1.0, 0.0, 0.0, 0.0, 0.0, 0.0]
x_in[883]: [0.0, 1.0, 1.0, 0.0, 0.0, 0.0, 1.0, 0.0]
x_in[884]: [0.0, 1.0, 1.0, 1.0, 1.0, 0.0, 0.0, 1.0]
x_in[885]: [0.0, 0.0, 1.0, 0.0, 0.0, 0.0, 0.0, 0.0]
x_in[886]: [0.0, 1.0, 1.0, 0.0, 1.0, 1.0, 0.0, 1.0]
x_in[887]: [0.0, 1.0, 1.0, 0.0, 0.0, 0.0, 0.0, 1.0]
x_in[888]: [0.0, 1.0, 1.0, 0.0, 1.0, 1.0, 1.0, 0.0]
x_in[889]: [0.0, 1.0, 1.0, 1.0, 1.0, 0.0, 0.0, 1.0]
x_in[890]: [0.0, 0.0, 1.0, 0.0, 0.0, 0.0, 0.0, 0.0]
x_in[891]: [0.0, 1.0, 1.0, 0.0, 1.0, 1.0, 0.0, 1.0]
x_in[892]: [0.0, 1.0, 1.0, 0.0, 0.0, 0.0, 0.0, 1.0]
x_in[893]: [0.0, 1.0, 1.0, 0.0, 1.0, 0.0, 0.0, 1.0]
x_in[894]: [0.0, 1.0, 1.0, 0.0, 1.0, 1.0, 1.0, 0.0]
x_in[895]: [0.0, 1.0, 1.0, 1.0, 0.0, 0.0, 1.0, 1.0]
x_in[896]: [0.0, 1.0, 1.0, 1.0, 0.0, 1.0, 0.0, 0.0]
x_in[897]: [0.0, 1.0, 1.0, 1.0, 0.0, 0.0, 1.0, 0.0]
x_in[898]: [0.0, 1.0, 1.0, 0.0, 0.0, 1.0, 0.0, 1.0]
x_in[899]: [0.0, 1.0, 1.0, 0.0, 0.0, 0.0, 0.0, 1.0]
x_in[900]: [0.0, 1.0, 1.0, 0.0, 1.0, 1.0, 0.0, 1.0]
x_in[901]: [0.0, 0.0, 1.0, 0.0, 0.0, 0.0, 0.0, 0.0]
x_in[902]: [0.0, 1.0, 1.0, 0.0, 1.0, 1.0, 0.0, 1.0]
x_in[903]: [0.0, 1.0, 1.0, 0.0, 0.0, 1.0, 0.0, 1.0]
x_in[904]: [0.0, 1.0, 1.0, 0.0, 0.0, 1.0, 0.0, 0.0]
x_in[905]: [0.0, 1.0, 1.0, 0.0, 1.0, 0.0, 0.0, 1.0]
x_in[906]: [0.0, 1.0, 1.0, 0.0, 0.0, 0.0, 0.0, 1.0]
x_in[907]: [0.0, 0.0, 1.0, 0.0, 0.0, 0.0, 0.0, 0.0]
x_in[908]: [0.0, 1.0, 1.0, 0.0, 1.0, 1.0, 1.0, 1.0]
x_in[909]: [0.0, 1.0, 1.0, 1.0, 0.0, 1.0, 0.0, 1.0]
x_in[910]: [0.0, 1.0, 1.0, 1.0, 0.0, 1.0, 0.0, 0.0]
x_in[911]: [0.0, 1.0, 1.0, 0.0, 1.0, 1.0, 0.0, 0.0]
x_in[912]: [0.0, 1.0, 1.0, 0.0, 0.0, 1.0, 0.0, 1.0]
x_in[913]: [0.0, 1.0, 1.0, 1.0, 0.0, 1.0, 0.0, 0.0]
x_in[914]: [0.0, 1.0, 1.0, 1.0, 0.0, 0.0, 1.0, 1.0]
x_in[915]: [0.0, 0.0, 1.0, 0.0, 0.0, 0.0, 0.0, 0.0]
x_in[916]: [0.0, 1.0, 1.0, 0.0, 1.0, 1.0, 1.0, 1.0]
x_in[917]: [0.0, 1.0, 1.0, 0.0, 0.0, 1.0, 1.0, 0.0]
x_in[918]: [0.0, 0.0, 1.0, 0.0, 0.0, 0.0, 0.0, 0.0]
x_in[919]: [0.0, 1.0, 1.0, 0.0, 0.0, 0.0, 1.0, 0.0]
x_in[920]: [0.0, 1.0, 1.0, 0.0, 0.0, 1.0, 0.0, 1.0]
x_in[921]: [0.0, 1.0, 1.0, 0.0, 1.0, 0.0, 0.0, 1.0]
x_in[922]: [0.0, 1.0, 1.0, 0.0, 1.0, 1.0, 1.0, 0.0]
x_in[923]: [0.0, 1.0, 1.0, 0.0, 0.0, 1.0, 1.0, 1.0]
x_in[924]: [0.0, 0.0, 1.0, 0.0, 0.0, 0.0, 0.0, 0.0]
x_in[925]: [0.0, 1.0, 1.0, 0.0, 0.0, 0.0, 0.0, 1.0]
x_in[926]: [0.0, 0.0, 1.0, 0.0, 0.0, 0.0, 0.0, 0.0]
x_in[927]: [0.0, 1.0, 1.0, 0.0, 0.0, 0.0, 1.0, 1.0]
x_in[928]: [0.0, 1.0, 1.0, 0.0, 1.0, 1.0, 1.0, 1.0]
x_in[929]: [0.0, 1.0, 1.0, 0.0, 1.0, 1.0, 1.0, 0.0]
x_in[930]: [0.0, 1.0, 1.0, 1.0, 0.0, 0.0, 1.0, 1.0]
x_in[931]: [0.0, 1.0, 1.0, 1.0, 0.0, 0.0, 0.0, 0.0]
x_in[932]: [0.0, 1.0, 1.0, 0.0, 1.0, 0.0, 0.0, 1.0]
x_in[933]: [0.0, 1.0, 1.0, 1.0, 0.0, 0.0, 1.0, 0.0]
x_in[934]: [0.0, 1.0, 1.0, 0.0, 0.0, 0.0, 0.0, 1.0]
x_in[935]: [0.0, 1.0, 1.0, 0.0, 0.0, 0.0, 1.0, 1.0]
x_in[936]: [0.0, 1.0, 1.0, 1.0, 1.0, 0.0, 0.0, 1.0]
x_in[937]: [0.0, 0.0, 1.0, 0.0, 0.0, 0.0, 0.0, 0.0]
x_in[938]: [0.0, 1.0, 1.0, 1.0, 0.0, 1.0, 0.0, 0.0]
x_in[939]: [0.0, 1.0, 1.0, 0.0, 1.0, 0.0, 0.0, 0.0]
x_in[940]: [0.0, 1.0, 1.0, 0.0, 0.0, 1.0, 0.0, 1.0]
x_in[941]: [0.0, 1.0, 1.0, 0.0, 1.0, 1.0, 1.0, 1.0]
x_in[942]: [0.0, 1.0, 1.0, 1.0, 0.0, 0.0, 1.0, 0.0]
x_in[943]: [0.0, 1.0, 1.0, 0.0, 1.0, 0.0, 0.0, 1.0]
x_in[944]: [0.0, 1.0, 1.0, 1.0, 0.0, 0.0, 1.0, 1.0]
x_in[945]: [0.0, 1.0, 1.0, 1.0, 0.0, 1.0, 0.0, 0.0]
x_in[946]: [0.0, 0.0, 1.0, 0.0, 0.0, 0.0, 0.0, 0.0]
x_in[947]: [0.0, 1.0, 1.0, 0.0, 0.0, 0.0, 0.0, 1.0]
x_in[948]: [0.0, 1.0, 1.0, 0.0, 1.0, 1.0, 1.0, 0.0]
x_in[949]: [0.0, 1.0, 1.0, 0.0, 0.0, 1.0, 0.0, 0.0]
x_in[950]: [0.0, 0.0, 1.0, 0.0, 0.0, 0.0, 0.0, 0.0]
x_in[951]: [0.0, 1.0, 1.0, 0.0, 1.0, 1.0, 1.0, 1.0]
x_in[952]: [0.0, 1.0, 1.0, 0.0, 0.0, 1.0, 1.0, 0.0]
x_in[953]: [0.0, 0.0, 1.0, 0.0, 0.0, 0.0, 0.0, 0.0]
x_in[954]: [0.0, 1.0, 1.0, 1.0, 0.0, 0.0, 0.0, 0.0]
x_in[955]: [0.0, 1.0, 1.0, 1.0, 0.0, 1.0, 0.0, 1.0]
x_in[956]: [0.0, 1.0, 1.0, 0.0, 0.0, 0.0, 1.0, 0.0]
x_in[957]: [0.0, 1.0, 1.0, 0.0, 1.0, 1.0, 0.0, 0.0]
x_in[958]: [0.0, 1.0, 1.0, 0.0, 1.0, 0.0, 0.0, 1.0]
x_in[959]: [0.0, 1.0, 1.0, 1.0, 0.0, 0.0, 1.0, 1.0]
x_in[960]: [0.0, 1.0, 1.0, 0.0, 1.0, 0.0, 0.0, 0.0]
x_in[961]: [0.0, 1.0, 1.0, 0.0, 1.0, 0.0, 0.0, 1.0]
x_in[962]: [0.0, 1.0, 1.0, 0.0, 1.0, 1.0, 1.0, 0.0]
x_in[963]: [0.0, 1.0, 1.0, 0.0, 0.0, 1.0, 1.0, 1.0]
x_in[964]: [0.0, 0.0, 1.0, 0.0, 0.0, 0.0, 0.0, 0.0]
x_in[965]: [0.0, 0.0, 1.0, 0.0, 0.0, 0.0, 1.0, 0.0]
x_in[966]: [0.0, 1.0, 1.0, 0.0, 0.0, 1.0, 1.0, 0.0]
x_in[967]: [0.0, 1.0, 1.0, 0.0, 0.0, 0.0, 0.0, 1.0]
x_in[968]: [0.0, 1.0, 1.0, 0.0, 1.0, 0.0, 1.0, 1.0]
x_in[969]: [0.0, 1.0, 1.0, 0.0, 0.0, 1.0, 0.0, 1.0]
x_in[970]: [0.0, 0.0, 1.0, 0.0, 0.0, 0.0, 0.0, 0.0]
x_in[971]: [0.0, 1.0, 1.0, 0.0, 1.0, 1.0, 1.0, 0.0]
x_in[972]: [0.0, 1.0, 1.0, 0.0, 0.0, 1.0, 0.0, 1.0]
x_in[973]: [0.0, 1.0, 1.0, 1.0, 0.0, 1.0, 1.0, 1.0]
x_in[974]: [0.0, 1.0, 1.0, 1.0, 0.0, 0.0, 1.0, 1.0]
x_in[975]: [0.0, 0.0, 1.0, 0.0, 0.0, 0.0, 1.0, 0.0]
x_in[976]: [0.0, 0.0, 1.0, 0.0, 1.0, 1.0, 1.0, 0.0]
x_in[977]: [0.0, 0.0, 1.0, 0.0, 0.0, 0.0, 0.0, 0.0]
x_in[978]: [0.0, 1.0, 0.0, 0.0, 1.0, 1.0, 0.0, 1.0]
x_in[979]: [0.0, 1.0, 1.0, 1.0, 0.0, 0.0, 1.0, 0.0]
x_in[980]: [0.0, 0.0, 1.0, 0.0, 1.0, 1.0, 1.0, 0.0]
x_in[981]: [0.0, 0.0, 1.0, 0.0, 0.0, 0.0, 0.0, 0.0]
x_in[982]: [0.0, 1.0, 0.0, 0.0, 1.0, 0.0, 1.0, 0.0]
x_in[983]: [0.0, 1.0, 1.0, 0.0, 1.0, 1.0, 1.0, 1.0]
x_in[984]: [0.0, 1.0, 1.0, 0.0, 1.0, 1.0, 1.0, 0.0]
x_in[985]: [0.0, 1.0, 1.0, 0.0, 0.0, 1.0, 0.0, 1.0]
x_in[986]: [0.0, 1.0, 1.0, 1.0, 0.0, 0.0, 1.0, 1.0]
x_in[987]: [0.0, 0.0, 1.0, 0.0, 0.0, 0.0, 0.0, 0.0]
x_in[988]: [0.0, 1.0, 1.0, 0.0, 1.0, 0.0, 0.0, 0.0]
x_in[989]: [0.0, 1.0, 1.0, 0.0, 0.0, 0.0, 0.0, 1.0]
x_in[990]: [0.0, 1.0, 1.0, 1.0, 0.0, 0.0, 1.0, 1.0]
x_in[991]: [0.0, 0.0, 1.0, 0.0, 0.0, 0.0, 0.0, 0.0]
x_in[992]: [0.0, 1.0, 1.0, 0.0, 1.0, 1.0, 1.0, 1.0]
x_in[993]: [0.0, 1.0, 1.0, 0.0, 0.0, 1.0, 1.0, 0.0]
x_in[994]: [0.0, 1.0, 1.0, 1.0, 0.0, 1.0, 0.0, 0.0]
x_in[995]: [0.0, 1.0, 1.0, 0.0, 0.0, 1.0, 0.0, 1.0]
x_in[996]: [0.0, 1.0, 1.0, 0.0, 1.0, 1.0, 1.0, 0.0]
x_in[997]: [0.0, 0.0, 1.0, 0.0, 0.0, 0.0, 0.0, 0.0]
x_in[998]: [0.0, 1.0, 1.0, 0.0, 0.0, 1.0, 0.0, 0.0]
x_in[999]: [0.0, 1.0, 1.0, 1.0, 0.0, 0.0, 1.0, 0.0]
x_in[1000]: [0.0, 1.0, 1.0, 0.0, 0.0, 0.0, 0.0, 1.0]
x_in[1001]: [0.0, 1.0, 1.0, 1.0, 0.0, 1.0, 1.0, 1.0]
x_in[1002]: [0.0, 1.0, 1.0, 0.0, 1.0, 1.0, 1.0, 0.0]
x_in[1003]: [0.0, 0.0, 1.0, 0.0, 0.0, 0.0, 0.0, 0.0]
x_in[1004]: [0.0, 1.0, 1.0, 0.0, 0.0, 0.0, 1.0, 1.0]
x_in[1005]: [0.0, 1.0, 1.0, 0.0, 1.0, 1.0, 1.0, 1.0]
x_in[1006]: [0.0, 1.0, 1.0, 0.0, 1.0, 1.0, 1.0, 0.0]
x_in[1007]: [0.0, 1.0, 1.0, 1.0, 0.0, 1.0, 0.0, 0.0]
x_in[1008]: [0.0, 1.0, 1.0, 1.0, 0.0, 0.0, 1.0, 0.0]
x_in[1009]: [0.0, 1.0, 1.0, 0.0, 1.0, 1.0, 1.0, 1.0]
x_in[1010]: [0.0, 1.0, 1.0, 1.0, 0.0, 1.0, 1.0, 0.0]
x_in[1011]: [0.0, 1.0, 1.0, 0.0, 0.0, 1.0, 0.0, 1.0]
x_in[1012]: [0.0, 1.0, 1.0, 1.0, 0.0, 0.0, 1.0, 0.0]
x_in[1013]: [0.0, 1.0, 1.0, 1.0, 0.0, 0.0, 1.0, 1.0]
x_in[1014]: [0.0, 1.0, 1.0, 1.0, 1.0, 0.0, 0.0, 1.0]
x_in[1015]: [0.0, 0.0, 1.0, 0.0, 1.0, 1.0, 0.0, 0.0]
x_in[1016]: [0.0, 0.0, 1.0, 0.0, 0.0, 0.0, 0.0, 0.0]
x_in[1017]: [0.0, 1.0, 1.0, 0.0, 0.0, 0.0, 0.0, 1.0]
x_in[1018]: [0.0, 1.0, 1.0, 0.0, 1.0, 1.0, 1.0, 0.0]
x_in[1019]: [0.0, 1.0, 1.0, 0.0, 0.0, 1.0, 0.0, 0.0]
x_in[1020]: [0.0, 0.0, 1.0, 0.0, 0.0, 0.0, 0.0, 0.0]
x_in[1021]: [0.0, 1.0, 1.0, 1.0, 0.0, 1.0, 1.0, 1.0]
x_in[1022]: [0.0, 1.0, 1.0, 0.0, 0.0, 0.0, 0.0, 1.0]
x_in[1023]: [0.0, 1.0, 1.0, 1.0, 0.0, 0.0, 1.0, 1.0]
x_in[1024]: [0.0, 0.0, 1.0, 0.0, 0.0, 0.0, 0.0, 0.0]
x_in[1025]: [0.0, 1.0, 1.0, 1.0, 0.0, 0.0, 1.0, 1.0]
x_in[1026]: [0.0, 1.0, 1.0, 0.0, 0.0, 0.0, 1.0, 1.0]
x_in[1027]: [0.0, 1.0, 1.0, 0.0, 0.0, 0.0, 0.0, 1.0]
x_in[1028]: [0.0, 1.0, 1.0, 1.0, 0.0, 0.0, 0.0, 0.0]
x_in[1029]: [0.0, 1.0, 1.0, 0.0, 0.0, 1.0, 0.0, 1.0]
x_in[1030]: [0.0, 1.0, 1.0, 0.0, 0.0, 1.0, 1.0, 1.0]
x_in[1031]: [0.0, 1.0, 1.0, 0.0, 1.0, 1.0, 1.0, 1.0]
x_in[1032]: [0.0, 1.0, 1.0, 0.0, 0.0, 0.0, 0.0, 1.0]
x_in[1033]: [0.0, 1.0, 1.0, 1.0, 0.0, 1.0, 0.0, 0.0]
x_in[1034]: [0.0, 1.0, 1.0, 0.0, 0.0, 1.0, 0.0, 1.0]
x_in[1035]: [0.0, 1.0, 1.0, 0.0, 0.0, 1.0, 0.0, 0.0]
x_in[1036]: [0.0, 0.0, 1.0, 0.0, 0.0, 0.0, 0.0, 0.0]
x_in[1037]: [0.0, 1.0, 1.0, 0.0, 1.0, 0.0, 0.0, 1.0]
x_in[1038]: [0.0, 1.0, 1.0, 0.0, 1.0, 1.0, 1.0, 0.0]
x_in[1039]: [0.0, 0.0, 1.0, 0.0, 0.0, 0.0, 0.0, 0.0]
x_in[1040]: [0.0, 1.0, 1.0, 0.0, 1.0, 1.0, 0.0, 1.0]
x_in[1041]: [0.0, 1.0, 1.0, 0.0, 0.0, 1.0, 0.0, 1.0]
x_in[1042]: [0.0, 1.0, 1.0, 0.0, 0.0, 1.0, 0.0, 0.0]
x_in[1043]: [0.0, 1.0, 1.0, 0.0, 1.0, 0.0, 0.0, 1.0]
x_in[1044]: [0.0, 1.0, 1.0, 0.0, 0.0, 0.0, 0.0, 1.0]
x_in[1045]: [0.0, 0.0, 1.0, 0.0, 0.0, 0.0, 0.0, 0.0]
x_in[1046]: [0.0, 1.0, 1.0, 1.0, 0.0, 0.0, 1.0, 0.0]
x_in[1047]: [0.0, 1.0, 1.0, 0.0, 0.0, 1.0, 0.0, 1.0]
x_in[1048]: [0.0, 1.0, 1.0, 1.0, 0.0, 0.0, 0.0, 0.0]
x_in[1049]: [0.0, 1.0, 1.0, 0.0, 1.0, 1.0, 1.0, 1.0]
x_in[1050]: [0.0, 1.0, 1.0, 1.0, 0.0, 0.0, 1.0, 0.0]
x_in[1051]: [0.0, 1.0, 1.0, 1.0, 0.0, 1.0, 0.0, 0.0]
x_in[1052]: [0.0, 1.0, 1.0, 1.0, 0.0, 0.0, 1.0, 1.0]
x_in[1053]: [0.0, 0.0, 1.0, 0.0, 0.0, 0.0, 0.0, 0.0]
x_in[1054]: [0.0, 1.0, 1.0, 0.0, 0.0, 0.0, 0.0, 1.0]
x_in[1055]: [0.0, 1.0, 1.0, 1.0, 0.0, 0.0, 1.0, 1.0]
x_in[1056]: [0.0, 0.0, 1.0, 0.0, 0.0, 0.0, 0.0, 0.0]
x_in[1057]: [0.0, 1.0, 1.0, 0.0, 0.0, 0.0, 0.0, 1.0]
x_in[1058]: [0.0, 1.0, 1.0, 0.0, 1.0, 1.0, 1.0, 0.0]
x_in[1059]: [0.0, 0.0, 1.0, 0.0, 0.0, 0.0, 0.0, 0.0]
x_in[1060]: [0.0, 1.0, 1.0, 0.0, 0.0, 1.0, 0.0, 1.0]
x_in[1061]: [0.0, 1.0, 1.0, 1.0, 1.0, 0.0, 0.0, 0.0]
x_in[1062]: [0.0, 1.0, 1.0, 0.0, 0.0, 0.0, 0.0, 1.0]
x_in[1063]: [0.0, 1.0, 1.0, 0.0, 1.0, 1.0, 0.0, 1.0]
x_in[1064]: [0.0, 1.0, 1.0, 1.0, 0.0, 0.0, 0.0, 0.0]
x_in[1065]: [0.0, 1.0, 1.0, 0.0, 1.0, 1.0, 0.0, 0.0]
x_in[1066]: [0.0, 1.0, 1.0, 0.0, 0.0, 1.0, 0.0, 1.0]
x_in[1067]: [0.0, 0.0, 1.0, 0.0, 0.0, 0.0, 0.0, 0.0]
x_in[1068]: [0.0, 1.0, 1.0, 0.0, 1.0, 1.0, 1.0, 1.0]
x_in[1069]: [0.0, 1.0, 1.0, 0.0, 0.0, 1.0, 1.0, 0.0]
x_in[1070]: [0.0, 0.0, 1.0, 0.0, 0.0, 0.0, 0.0, 0.0]
x_in[1071]: [0.0, 1.0, 1.0, 0.0, 1.0, 0.0, 0.0, 0.0]
x_in[1072]: [0.0, 1.0, 1.0, 0.0, 1.0, 1.0, 1.0, 1.0]
x_in[1073]: [0.0, 1.0, 1.0, 1.0, 0.0, 1.0, 1.0, 1.0]
x_in[1074]: [0.0, 0.0, 1.0, 0.0, 0.0, 0.0, 0.0, 0.0]
x_in[1075]: [0.0, 1.0, 1.0, 0.0, 1.0, 0.0, 0.0, 1.0]
x_in[1076]: [0.0, 1.0, 1.0, 0.0, 1.0, 1.0, 1.0, 0.0]
x_in[1077]: [0.0, 1.0, 1.0, 0.0, 0.0, 0.0, 0.0, 1.0]
x_in[1078]: [0.0, 1.0, 1.0, 0.0, 0.0, 0.0, 1.0, 1.0]
x_in[1079]: [0.0, 1.0, 1.0, 0.0, 0.0, 0.0, 1.0, 1.0]
x_in[1080]: [0.0, 1.0, 1.0, 1.0, 0.0, 1.0, 0.0, 1.0]
x_in[1081]: [0.0, 1.0, 1.0, 1.0, 0.0, 0.0, 1.0, 0.0]
x_in[1082]: [0.0, 1.0, 1.0, 0.0, 0.0, 0.0, 0.0, 1.0]
x_in[1083]: [0.0, 1.0, 1.0, 1.0, 0.0, 1.0, 0.0, 0.0]
x_in[1084]: [0.0, 1.0, 1.0, 0.0, 0.0, 1.0, 0.0, 1.0]
x_in[1085]: [0.0, 0.0, 1.0, 0.0, 0.0, 0.0, 0.0, 0.0]
x_in[1086]: [0.0, 1.0, 1.0, 0.0, 0.0, 0.0, 0.0, 1.0]
x_in[1087]: [0.0, 1.0, 1.0, 0.0, 1.0, 1.0, 1.0, 0.0]
x_in[1088]: [0.0, 1.0, 1.0, 0.0, 0.0, 1.0, 0.0, 0.0]
x_in[1089]: [0.0, 0.0, 1.0, 0.0, 0.0, 0.0, 0.0, 0.0]
x_in[1090]: [0.0, 1.0, 1.0, 0.0, 1.0, 1.0, 0.0, 1.0]
x_in[1091]: [0.0, 1.0, 1.0, 0.0, 1.0, 0.0, 0.0, 1.0]
x_in[1092]: [0.0, 1.0, 1.0, 1.0, 0.0, 0.0, 1.0, 1.0]
x_in[1093]: [0.0, 1.0, 1.0, 0.0, 1.0, 1.0, 0.0, 0.0]
x_in[1094]: [0.0, 1.0, 1.0, 0.0, 0.0, 1.0, 0.0, 1.0]
x_in[1095]: [0.0, 1.0, 1.0, 0.0, 0.0, 0.0, 0.0, 1.0]
x_in[1096]: [0.0, 1.0, 1.0, 0.0, 0.0, 1.0, 0.0, 0.0]
x_in[1097]: [0.0, 1.0, 1.0, 0.0, 1.0, 0.0, 0.0, 1.0]
x_in[1098]: [0.0, 1.0, 1.0, 0.0, 1.0, 1.0, 1.0, 0.0]
x_in[1099]: [0.0, 1.0, 1.0, 0.0, 0.0, 1.0, 1.0, 1.0]
x_in[1100]: [0.0, 0.0, 1.0, 0.0, 0.0, 0.0, 0.0, 0.0]
x_in[1101]: [0.0, 1.0, 1.0, 0.0, 1.0, 1.0, 1.0, 0.0]
x_in[1102]: [0.0, 1.0, 1.0, 0.0, 0.0, 1.0, 0.0, 1.0]
x_in[1103]: [0.0, 1.0, 1.0, 1.0, 0.0, 1.0, 1.0, 1.0]
x_in[1104]: [0.0, 1.0, 1.0, 1.0, 0.0, 0.0, 1.0, 1.0]
x_in[1105]: [0.0, 0.0, 1.0, 0.0, 0.0, 0.0, 0.0, 0.0]
x_in[1106]: [0.0, 1.0, 1.0, 1.0, 0.0, 0.0, 0.0, 0.0]
x_in[1107]: [0.0, 1.0, 1.0, 1.0, 0.0, 0.0, 1.0, 0.0]
x_in[1108]: [0.0, 1.0, 1.0, 0.0, 1.0, 1.0, 1.0, 1.0]
x_in[1109]: [0.0, 1.0, 1.0, 0.0, 1.0, 1.0, 0.0, 0.0]
x_in[1110]: [0.0, 1.0, 1.0, 0.0, 1.0, 0.0, 0.0, 1.0]
x_in[1111]: [0.0, 1.0, 1.0, 0.0, 0.0, 1.0, 1.0, 0.0]
x_in[1112]: [0.0, 1.0, 1.0, 0.0, 0.0, 1.0, 0.0, 1.0]
x_in[1113]: [0.0, 1.0, 1.0, 1.0, 0.0, 0.0, 1.0, 0.0]
x_in[1114]: [0.0, 1.0, 1.0, 0.0, 0.0, 0.0, 0.0, 1.0]
x_in[1115]: [0.0, 1.0, 1.0, 1.0, 0.0, 1.0, 0.0, 0.0]
x_in[1116]: [0.0, 1.0, 1.0, 0.0, 0.0, 1.0, 0.0, 1.0]
x_in[1117]: [0.0, 1.0, 1.0, 0.0, 0.0, 1.0, 0.0, 0.0]
x_in[1118]: [0.0, 0.0, 1.0, 0.0, 0.0, 0.0, 0.0, 0.0]
x_in[1119]: [0.0, 1.0, 1.0, 0.0, 1.0, 1.0, 1.0, 1.0]
x_in[1120]: [0.0, 1.0, 1.0, 0.0, 1.0, 1.0, 1.0, 0.0]
x_in[1121]: [0.0, 0.0, 1.0, 0.0, 0.0, 0.0, 0.0, 0.0]
x_in[1122]: [0.0, 1.0, 1.0, 1.0, 0.0, 0.0, 1.0, 1.0]
x_in[1123]: [0.0, 1.0, 1.0, 0.0, 1.0, 1.0, 1.0, 1.0]
x_in[1124]: [0.0, 1.0, 1.0, 0.0, 0.0, 0.0, 1.0, 1.0]
x_in[1125]: [0.0, 1.0, 1.0, 0.0, 1.0, 0.0, 0.0, 1.0]
x_in[1126]: [0.0, 1.0, 1.0, 0.0, 0.0, 0.0, 0.0, 1.0]
x_in[1127]: [0.0, 1.0, 1.0, 0.0, 1.0, 1.0, 0.0, 0.0]
x_in[1128]: [0.0, 0.0, 1.0, 0.0, 0.0, 0.0, 0.0, 0.0]
x_in[1129]: [0.0, 1.0, 1.0, 0.0, 1.0, 1.0, 0.0, 1.0]
x_in[1130]: [0.0, 1.0, 1.0, 0.0, 0.0, 1.0, 0.0, 1.0]
x_in[1131]: [0.0, 1.0, 1.0, 0.0, 0.0, 1.0, 0.0, 0.0]
x_in[1132]: [0.0, 1.0, 1.0, 0.0, 1.0, 0.0, 0.0, 1.0]
x_in[1133]: [0.0, 1.0, 1.0, 0.0, 0.0, 0.0, 0.0, 1.0]
x_in[1134]: [0.0, 0.0, 1.0, 0.0, 0.0, 0.0, 0.0, 0.0]
x_in[1135]: [0.0, 1.0, 1.0, 1.0, 0.0, 1.0, 1.0, 1.0]
x_in[1136]: [0.0, 1.0, 1.0, 0.0, 0.0, 1.0, 0.0, 1.0]
x_in[1137]: [0.0, 1.0, 1.0, 0.0, 0.0, 0.0, 1.0, 0.0]
x_in[1138]: [0.0, 1.0, 1.0, 1.0, 0.0, 0.0, 1.0, 1.0]
x_in[1139]: [0.0, 1.0, 1.0, 0.0, 1.0, 0.0, 0.0, 1.0]
x_in[1140]: [0.0, 1.0, 1.0, 1.0, 0.0, 1.0, 0.0, 0.0]
x_in[1141]: [0.0, 1.0, 1.0, 0.0, 0.0, 1.0, 0.0, 1.0]
x_in[1142]: [0.0, 1.0, 1.0, 1.0, 0.0, 0.0, 1.0, 1.0]
x_in[1143]: [0.0, 0.0, 1.0, 0.0, 0.0, 0.0, 0.0, 0.0]
x_in[1144]: [0.0, 1.0, 1.0, 0.0, 1.0, 1.0, 0.0, 0.0]
x_in[1145]: [0.0, 1.0, 1.0, 0.0, 1.0, 0.0, 0.0, 1.0]
x_in[1146]: [0.0, 1.0, 1.0, 0.0, 1.0, 0.0, 1.0, 1.0]
x_in[1147]: [0.0, 1.0, 1.0, 0.0, 0.0, 1.0, 0.0, 1.0]
x_in[1148]: [0.0, 0.0, 1.0, 0.0, 0.0, 0.0, 0.0, 0.0]
x_in[1149]: [0.0, 1.0, 0.0, 0.0, 0.0, 1.0, 1.0, 0.0]
x_in[1150]: [0.0, 1.0, 1.0, 0.0, 0.0, 0.0, 0.0, 1.0]
x_in[1151]: [0.0, 1.0, 1.0, 0.0, 0.0, 0.0, 1.0, 1.0]
x_in[1152]: [0.0, 1.0, 1.0, 0.0, 0.0, 1.0, 0.0, 1.0]
x_in[1153]: [0.0, 1.0, 1.0, 0.0, 0.0, 0.0, 1.0, 0.0]
x_in[1154]: [0.0, 1.0, 1.0, 0.0, 1.0, 1.0, 1.0, 1.0]
x_in[1155]: [0.0, 1.0, 1.0, 0.0, 1.0, 1.0, 1.0, 1.0]
x_in[1156]: [0.0, 1.0, 1.0, 0.0, 1.0, 0.0, 1.0, 1.0]
x_in[1157]: [0.0, 0.0, 1.0, 0.0, 1.0, 1.0, 0.0, 0.0]
x_in[1158]: [0.0, 0.0, 1.0, 0.0, 0.0, 0.0, 0.0, 0.0]
x_in[1159]: [0.0, 1.0, 0.0, 1.0, 1.0, 0.0, 0.0, 1.0]
x_in[1160]: [0.0, 1.0, 1.0, 0.0, 1.0, 1.0, 1.0, 1.0]
x_in[1161]: [0.0, 1.0, 1.0, 1.0, 0.0, 1.0, 0.0, 1.0]
x_in[1162]: [0.0, 1.0, 1.0, 1.0, 0.0, 1.0, 0.0, 0.0]
x_in[1163]: [0.0, 1.0, 1.0, 1.0, 0.0, 1.0, 0.0, 1.0]
x_in[1164]: [0.0, 1.0, 1.0, 0.0, 0.0, 0.0, 1.0, 0.0]
x_in[1165]: [0.0, 1.0, 1.0, 0.0, 0.0, 1.0, 0.0, 1.0]
x_in[1166]: [0.0, 0.0, 1.0, 0.0, 0.0, 0.0, 0.0, 0.0]
x_in[1167]: [0.0, 1.0, 1.0, 0.0, 0.0, 0.0, 0.0, 1.0]
x_in[1168]: [0.0, 1.0, 1.0, 0.0, 1.0, 1.0, 1.0, 0.0]
x_in[1169]: [0.0, 1.0, 1.0, 0.0, 0.0, 1.0, 0.0, 0.0]
x_in[1170]: [0.0, 0.0, 1.0, 0.0, 0.0, 0.0, 0.0, 0.0]
x_in[1171]: [0.0, 1.0, 0.0, 1.0, 0.0, 1.0, 0.0, 0.0]
x_in[1172]: [0.0, 1.0, 1.0, 1.0, 0.0, 1.0, 1.0, 1.0]
x_in[1173]: [0.0, 1.0, 1.0, 0.0, 1.0, 0.0, 0.0, 1.0]
x_in[1174]: [0.0, 1.0, 1.0, 1.0, 0.0, 1.0, 0.0, 0.0]
x_in[1175]: [0.0, 1.0, 1.0, 1.0, 0.0, 1.0, 0.0, 0.0]
x_in[1176]: [0.0, 1.0, 1.0, 0.0, 0.0, 1.0, 0.0, 1.0]
x_in[1177]: [0.0, 1.0, 1.0, 1.0, 0.0, 0.0, 1.0, 0.0]
x_in[1178]: [0.0, 0.0, 1.0, 0.0, 0.0, 0.0, 0.0, 0.0]
x_in[1179]: [0.0, 1.0, 1.0, 0.0, 0.0, 1.0, 0.0, 0.0]
x_in[1180]: [0.0, 1.0, 1.0, 1.0, 0.0, 1.0, 0.0, 1.0]
x_in[1181]: [0.0, 1.0, 1.0, 1.0, 0.0, 0.0, 1.0, 0.0]
x_in[1182]: [0.0, 1.0, 1.0, 0.0, 1.0, 0.0, 0.0, 1.0]
x_in[1183]: [0.0, 1.0, 1.0, 0.0, 1.0, 1.0, 1.0, 0.0]
x_in[1184]: [0.0, 1.0, 1.0, 0.0, 0.0, 1.0, 1.0, 1.0]
x_in[1185]: [0.0, 0.0, 1.0, 0.0, 0.0, 0.0, 0.0, 0.0]
x_in[1186]: [0.0, 1.0, 1.0, 1.0, 0.0, 1.0, 0.0, 0.0]
x_in[1187]: [0.0, 1.0, 1.0, 0.0, 1.0, 0.0, 0.0, 0.0]
x_in[1188]: [0.0, 1.0, 1.0, 0.0, 0.0, 1.0, 0.0, 1.0]
x_in[1189]: [0.0, 0.0, 1.0, 0.0, 0.0, 0.0, 0.0, 0.0]
x_in[1190]: [0.0, 0.0, 1.0, 1.0, 0.0, 0.0, 1.0, 0.0]
x_in[1191]: [0.0, 0.0, 1.0, 1.0, 0.0, 0.0, 0.0, 0.0]
x_in[1192]: [0.0, 0.0, 1.0, 1.0, 0.0, 0.0, 0.0, 1.0]
x_in[1193]: [0.0, 0.0, 1.0, 1.0, 0.0, 1.0, 1.0, 0.0]
x_in[1194]: [0.0, 0.0, 1.0, 0.0, 0.0, 0.0, 0.0, 0.0]
x_in[1195]: [0.0, 1.0, 1.0, 0.0, 0.0, 1.0, 0.0, 1.0]
x_in[1196]: [0.0, 1.0, 1.0, 0.0, 1.0, 1.0, 0.0, 0.0]
x_in[1197]: [0.0, 1.0, 1.0, 0.0, 0.0, 1.0, 0.0, 1.0]
x_in[1198]: [0.0, 1.0, 1.0, 0.0, 0.0, 0.0, 1.0, 1.0]
x_in[1199]: [0.0, 1.0, 1.0, 1.0, 0.0, 1.0, 0.0, 0.0]
x_in[1200]: [0.0, 1.0, 1.0, 0.0, 1.0, 0.0, 0.0, 1.0]
x_in[1201]: [0.0, 1.0, 1.0, 0.0, 1.0, 1.0, 1.0, 1.0]
x_in[1202]: [0.0, 1.0, 1.0, 0.0, 1.0, 1.0, 1.0, 0.0]
x_in[1203]: [0.0, 0.0, 1.0, 0.0, 1.0, 1.0, 1.0, 0.0]
x_in[1204]: [0.0, 0.0, 1.0, 0.0, 0.0, 0.0, 0.0, 0.0]
x_in[1205]: [0.0, 1.0, 0.0, 0.0, 1.0, 0.0, 1.0, 0.0]
x_in[1206]: [0.0, 1.0, 1.0, 0.0, 1.0, 1.0, 1.0, 1.0]
x_in[1207]: [0.0, 1.0, 1.0, 0.0, 1.0, 1.0, 1.0, 0.0]
x_in[1208]: [0.0, 1.0, 1.0, 0.0, 0.0, 1.0, 0.0, 1.0]
x_in[1209]: [0.0, 1.0, 1.0, 1.0, 0.0, 0.0, 1.0, 1.0]
x_in[1210]: [0.0, 0.0, 1.0, 0.0, 0.0, 0.0, 0.0, 0.0]
x_in[1211]: [0.0, 1.0, 1.0, 0.0, 1.0, 0.0, 0.0, 0.0]
x_in[1212]: [0.0, 1.0, 1.0, 0.0, 0.0, 0.0, 0.0, 1.0]
x_in[1213]: [0.0, 1.0, 1.0, 1.0, 0.0, 0.0, 1.0, 1.0]
x_in[1214]: [0.0, 0.0, 1.0, 0.0, 0.0, 0.0, 0.0, 0.0]
x_in[1215]: [0.0, 1.0, 1.0, 0.0, 0.0, 0.0, 0.0, 1.0]
x_in[1216]: [0.0, 1.0, 1.0, 0.0, 1.0, 1.0, 0.0, 0.0]
x_in[1217]: [0.0, 1.0, 1.0, 1.0, 0.0, 0.0, 1.0, 1.0]
x_in[1218]: [0.0, 1.0, 1.0, 0.0, 1.0, 1.0, 1.0, 1.0]
x_in[1219]: [0.0, 0.0, 1.0, 0.0, 0.0, 0.0, 0.0, 0.0]
x_in[1220]: [0.0, 1.0, 1.0, 0.0, 0.0, 1.0, 0.0, 1.0]
x_in[1221]: [0.0, 1.0, 1.0, 1.0, 1.0, 0.0, 0.0, 0.0]
x_in[1222]: [0.0, 1.0, 1.0, 1.0, 0.0, 0.0, 0.0, 0.0]
x_in[1223]: [0.0, 1.0, 1.0, 0.0, 1.0, 1.0, 1.0, 1.0]
x_in[1224]: [0.0, 1.0, 1.0, 1.0, 0.0, 0.0, 1.0, 1.0]
x_in[1225]: [0.0, 1.0, 1.0, 0.0, 0.0, 1.0, 0.0, 1.0]
x_in[1226]: [0.0, 1.0, 1.0, 0.0, 0.0, 1.0, 0.0, 0.0]
x_in[1227]: [0.0, 0.0, 1.0, 0.0, 0.0, 0.0, 0.0, 0.0]
x_in[1228]: [0.0, 1.0, 1.0, 0.0, 1.0, 0.0, 0.0, 1.0]
x_in[1229]: [0.0, 1.0, 1.0, 0.0, 1.0, 1.0, 1.0, 0.0]
x_in[1230]: [0.0, 1.0, 1.0, 0.0, 0.0, 0.0, 1.0, 1.0]
x_in[1231]: [0.0, 1.0, 1.0, 0.0, 1.0, 1.0, 1.0, 1.0]
x_in[1232]: [0.0, 1.0, 1.0, 0.0, 1.0, 1.0, 1.0, 0.0]
x_in[1233]: [0.0, 1.0, 1.0, 1.0, 0.0, 0.0, 1.0, 1.0]
x_in[1234]: [0.0, 1.0, 1.0, 0.0, 1.0, 0.0, 0.0, 1.0]
x_in[1235]: [0.0, 1.0, 1.0, 1.0, 0.0, 0.0, 1.0, 1.0]
x_in[1236]: [0.0, 1.0, 1.0, 1.0, 0.0, 1.0, 0.0, 0.0]
x_in[1237]: [0.0, 1.0, 1.0, 0.0, 0.0, 1.0, 0.0, 1.0]
x_in[1238]: [0.0, 1.0, 1.0, 0.0, 1.0, 1.0, 1.0, 0.0]
x_in[1239]: [0.0, 1.0, 1.0, 0.0, 0.0, 0.0, 1.0, 1.0]
x_in[1240]: [0.0, 1.0, 1.0, 0.0, 1.0, 0.0, 0.0, 1.0]
x_in[1241]: [0.0, 1.0, 1.0, 0.0, 0.0, 1.0, 0.0, 1.0]
x_in[1242]: [0.0, 1.0, 1.0, 1.0, 0.0, 0.0, 1.0, 1.0]
x_in[1243]: [0.0, 0.0, 1.0, 0.0, 0.0, 0.0, 0.0, 0.0]
x_in[1244]: [0.0, 1.0, 1.0, 0.0, 1.0, 0.0, 0.0, 1.0]
x_in[1245]: [0.0, 1.0, 1.0, 0.0, 1.0, 1.0, 1.0, 0.0]
x_in[1246]: [0.0, 0.0, 1.0, 0.0, 0.0, 0.0, 0.0, 0.0]
x_in[1247]: [0.0, 1.0, 1.0, 1.0, 0.0, 1.0, 0.0, 0.0]
x_in[1248]: [0.0, 1.0, 1.0, 0.0, 1.0, 0.0, 0.0, 0.0]
x_in[1249]: [0.0, 1.0, 1.0, 0.0, 0.0, 1.0, 0.0, 1.0]
x_in[1250]: [0.0, 0.0, 1.0, 0.0, 0.0, 0.0, 0.0, 0.0]
x_in[1251]: [0.0, 1.0, 1.0, 0.0, 1.0, 1.0, 1.0, 1.0]
x_in[1252]: [0.0, 1.0, 1.0, 0.0, 0.0, 1.0, 1.0, 0.0]
x_in[1253]: [0.0, 1.0, 1.0, 0.0, 0.0, 1.0, 1.0, 0.0]
x_in[1254]: [0.0, 1.0, 1.0, 0.0, 1.0, 0.0, 0.0, 1.0]
x_in[1255]: [0.0, 1.0, 1.0, 0.0, 0.0, 0.0, 1.0, 1.0]
x_in[1256]: [0.0, 1.0, 1.0, 0.0, 1.0, 0.0, 0.0, 1.0]
x_in[1257]: [0.0, 1.0, 1.0, 0.0, 0.0, 0.0, 0.0, 1.0]
x_in[1258]: [0.0, 1.0, 1.0, 0.0, 1.0, 1.0, 0.0, 0.0]
x_in[1259]: [0.0, 0.0, 1.0, 0.0, 0.0, 0.0, 0.0, 0.0]
x_in[1260]: [0.0, 1.0, 1.0, 0.0, 0.0, 1.0, 1.0, 1.0]
x_in[1261]: [0.0, 1.0, 1.0, 0.0, 1.0, 1.0, 1.0, 1.0]
x_in[1262]: [0.0, 1.0, 1.0, 1.0, 0.0, 1.0, 1.0, 0.0]
x_in[1263]: [0.0, 1.0, 1.0, 0.0, 0.0, 1.0, 0.0, 1.0]
x_in[1264]: [0.0, 1.0, 1.0, 1.0, 0.0, 0.0, 1.0, 0.0]
x_in[1265]: [0.0, 1.0, 1.0, 0.0, 1.0, 1.0, 1.0, 0.0]
x_in[1266]: [0.0, 1.0, 1.0, 0.0, 1.0, 1.0, 0.0, 1.0]
x_in[1267]: [0.0, 1.0, 1.0, 0.0, 0.0, 1.0, 0.0, 1.0]
x_in[1268]: [0.0, 1.0, 1.0, 0.0, 1.0, 1.0, 1.0, 0.0]
x_in[1269]: [0.0, 1.0, 1.0, 1.0, 0.0, 1.0, 0.0, 0.0]
x_in[1270]: [0.0, 0.0, 1.0, 0.0, 0.0, 0.0, 0.0, 0.0]
x_in[1271]: [0.0, 1.0, 1.0, 0.0, 0.0, 0.0, 0.0, 1.0]
x_in[1272]: [0.0, 1.0, 1.0, 0.0, 0.0, 0.0, 1.0, 1.0]
x_in[1273]: [0.0, 1.0, 1.0, 0.0, 0.0, 0.0, 1.0, 1.0]
x_in[1274]: [0.0, 1.0, 1.0, 0.0, 1.0, 1.0, 1.0, 1.0]
x_in[1275]: [0.0, 1.0, 1.0, 1.0, 0.0, 1.0, 0.0, 1.0]
x_in[1276]: [0.0, 1.0, 1.0, 0.0, 1.0, 1.0, 1.0, 0.0]
x_in[1277]: [0.0, 1.0, 1.0, 1.0, 0.0, 1.0, 0.0, 0.0]
x_in[1278]: [0.0, 1.0, 1.0, 1.0, 0.0, 0.0, 1.0, 1.0]
x_in[1279]: [0.0, 0.0, 1.0, 0.0, 0.0, 0.0, 0.0, 0.0]
x_in[1280]: [0.0, 1.0, 1.0, 0.0, 1.0, 1.0, 1.0, 1.0]
x_in[1281]: [0.0, 1.0, 1.0, 0.0, 0.0, 1.0, 1.0, 0.0]
x_in[1282]: [0.0, 0.0, 1.0, 0.0, 0.0, 0.0, 0.0, 0.0]
x_in[1283]: [0.0, 1.0, 1.0, 1.0, 0.0, 1.0, 0.0, 0.0]
x_in[1284]: [0.0, 1.0, 1.0, 0.0, 1.0, 0.0, 0.0, 0.0]
x_in[1285]: [0.0, 1.0, 1.0, 0.0, 0.0, 1.0, 0.0, 1.0]
x_in[1286]: [0.0, 0.0, 1.0, 0.0, 0.0, 0.0, 0.0, 0.0]
x_in[1287]: [0.0, 0.0, 1.0, 1.0, 1.0, 0.0, 0.0, 1.0]
x_in[1288]: [0.0, 0.0, 1.0, 0.0, 1.0, 1.0, 1.0, 1.0]
x_in[1289]: [0.0, 0.0, 1.0, 1.0, 0.0, 0.0, 0.0, 1.0]
x_in[1290]: [0.0, 0.0, 1.0, 1.0, 0.0, 0.0, 0.0, 1.0]
x_in[1291]: [0.0, 0.0, 1.0, 0.0, 0.0, 0.0, 0.0, 0.0]
x_in[1292]: [0.0, 1.0, 1.0, 1.0, 0.0, 1.0, 0.0, 0.0]
x_in[1293]: [0.0, 1.0, 1.0, 0.0, 0.0, 1.0, 0.0, 1.0]
x_in[1294]: [0.0, 1.0, 1.0, 1.0, 0.0, 0.0, 1.0, 0.0]
x_in[1295]: [0.0, 1.0, 1.0, 1.0, 0.0, 0.0, 1.0, 0.0]
x_in[1296]: [0.0, 1.0, 1.0, 0.0, 1.0, 1.0, 1.0, 1.0]
x_in[1297]: [0.0, 1.0, 1.0, 1.0, 0.0, 0.0, 1.0, 0.0]
x_in[1298]: [0.0, 1.0, 1.0, 0.0, 1.0, 0.0, 0.0, 1.0]
x_in[1299]: [0.0, 1.0, 1.0, 1.0, 0.0, 0.0, 1.0, 1.0]
x_in[1300]: [0.0, 1.0, 1.0, 1.0, 0.0, 1.0, 0.0, 0.0]
x_in[1301]: [0.0, 0.0, 1.0, 0.0, 0.0, 0.0, 0.0, 0.0]
x_in[1302]: [0.0, 1.0, 1.0, 0.0, 0.0, 0.0, 0.0, 1.0]
x_in[1303]: [0.0, 1.0, 1.0, 1.0, 0.0, 1.0, 0.0, 0.0]
x_in[1304]: [0.0, 1.0, 1.0, 1.0, 0.0, 1.0, 0.0, 0.0]
x_in[1305]: [0.0, 1.0, 1.0, 0.0, 0.0, 0.0, 0.0, 1.0]
x_in[1306]: [0.0, 1.0, 1.0, 0.0, 0.0, 0.0, 1.0, 1.0]
x_in[1307]: [0.0, 1.0, 1.0, 0.0, 1.0, 0.0, 1.0, 1.0]
x_in[1308]: [0.0, 1.0, 1.0, 1.0, 0.0, 0.0, 1.0, 1.0]
x_in[1309]: [0.0, 0.0, 1.0, 0.0, 0.0, 0.0, 0.0, 0.0]
x_in[1310]: [0.0, 1.0, 1.0, 0.0, 0.0, 0.0, 0.0, 1.0]
x_in[1311]: [0.0, 1.0, 1.0, 0.0, 1.0, 1.0, 1.0, 0.0]
x_in[1312]: [0.0, 1.0, 1.0, 0.0, 0.0, 1.0, 0.0, 0.0]
x_in[1313]: [0.0, 0.0, 1.0, 0.0, 0.0, 0.0, 0.0, 0.0]
x_in[1314]: [0.0, 1.0, 1.0, 1.0, 0.0, 1.0, 0.0, 0.0]
x_in[1315]: [0.0, 1.0, 1.0, 0.0, 1.0, 0.0, 0.0, 0.0]
x_in[1316]: [0.0, 1.0, 1.0, 0.0, 0.0, 1.0, 0.0, 1.0]
x_in[1317]: [0.0, 0.0, 1.0, 0.0, 0.0, 0.0, 0.0, 0.0]
x_in[1318]: [0.0, 1.0, 0.0, 1.0, 0.0, 0.0, 1.0, 1.0]
x_in[1319]: [0.0, 1.0, 1.0, 0.0, 0.0, 0.0, 0.0, 1.0]
x_in[1320]: [0.0, 1.0, 1.0, 0.0, 1.0, 1.0, 1.0, 0.0]
x_in[1321]: [0.0, 1.0, 1.0, 0.0, 0.0, 1.0, 0.0, 0.0]
x_in[1322]: [0.0, 1.0, 1.0, 1.0, 1.0, 0.0, 0.0, 1.0]
x_in[1323]: [0.0, 0.0, 1.0, 0.0, 0.0, 0.0, 0.0, 0.0]
x_in[1324]: [0.0, 1.0, 0.0, 0.0, 1.0, 0.0, 0.0, 0.0]
x_in[1325]: [0.0, 1.0, 1.0, 0.0, 1.0, 1.0, 1.0, 1.0]
x_in[1326]: [0.0, 1.0, 1.0, 0.0, 1.0, 1.0, 1.0, 1.0]
x_in[1327]: [0.0, 1.0, 1.0, 0.0, 1.0, 0.0, 1.0, 1.0]
x_in[1328]: [0.0, 0.0, 1.0, 0.0, 0.0, 0.0, 0.0, 0.0]
x_in[1329]: [0.0, 1.0, 1.0, 1.0, 0.0, 0.0, 1.0, 1.0]
x_in[1330]: [0.0, 1.0, 1.0, 0.0, 0.0, 0.0, 1.0, 1.0]
x_in[1331]: [0.0, 1.0, 1.0, 0.0, 1.0, 0.0, 0.0, 0.0]
x_in[1332]: [0.0, 1.0, 1.0, 0.0, 1.0, 1.0, 1.0, 1.0]
x_in[1333]: [0.0, 1.0, 1.0, 0.0, 1.0, 1.0, 1.0, 1.0]
x_in[1334]: [0.0, 1.0, 1.0, 0.0, 1.0, 1.0, 0.0, 0.0]
x_in[1335]: [0.0, 0.0, 1.0, 0.0, 0.0, 0.0, 0.0, 0.0]
x_in[1336]: [0.0, 1.0, 1.0, 1.0, 0.0, 0.0, 1.0, 1.0]
x_in[1337]: [0.0, 1.0, 1.0, 0.0, 1.0, 0.0, 0.0, 0.0]
x_in[1338]: [0.0, 1.0, 1.0, 0.0, 1.0, 1.0, 1.0, 1.0]
x_in[1339]: [0.0, 1.0, 1.0, 0.0, 1.0, 1.0, 1.0, 1.0]
x_in[1340]: [0.0, 1.0, 1.0, 1.0, 0.0, 1.0, 0.0, 0.0]
x_in[1341]: [0.0, 1.0, 1.0, 0.0, 1.0, 0.0, 0.0, 1.0]
x_in[1342]: [0.0, 1.0, 1.0, 0.0, 1.0, 1.0, 1.0, 0.0]
x_in[1343]: [0.0, 1.0, 1.0, 0.0, 0.0, 1.0, 1.0, 1.0]
x_in[1344]: [0.0, 0.0, 1.0, 0.0, 0.0, 0.0, 0.0, 0.0]
x_in[1345]: [0.0, 1.0, 1.0, 0.0, 1.0, 0.0, 0.0, 1.0]
x_in[1346]: [0.0, 1.0, 1.0, 0.0, 1.0, 1.0, 1.0, 0.0]
x_in[1347]: [0.0, 0.0, 1.0, 0.0, 0.0, 0.0, 0.0, 0.0]
x_in[1348]: [0.0, 1.0, 0.0, 0.0, 1.0, 1.0, 1.0, 0.0]
x_in[1349]: [0.0, 1.0, 1.0, 0.0, 0.0, 1.0, 0.0, 1.0]
x_in[1350]: [0.0, 1.0, 1.0, 1.0, 0.0, 1.0, 1.0, 1.0]
x_in[1351]: [0.0, 1.0, 1.0, 1.0, 0.0, 1.0, 0.0, 0.0]
x_in[1352]: [0.0, 1.0, 1.0, 0.0, 1.0, 1.0, 1.0, 1.0]
x_in[1353]: [0.0, 1.0, 1.0, 1.0, 0.0, 1.0, 1.0, 1.0]
x_in[1354]: [0.0, 1.0, 1.0, 0.0, 1.0, 1.0, 1.0, 0.0]
x_in[1355]: [0.0, 0.0, 1.0, 0.0, 0.0, 0.0, 0.0, 0.0]
x_in[1356]: [0.0, 1.0, 0.0, 0.0, 0.0, 0.0, 1.0, 1.0]
x_in[1357]: [0.0, 1.0, 1.0, 0.0, 1.0, 1.0, 1.0, 1.0]
x_in[1358]: [0.0, 1.0, 1.0, 0.0, 1.0, 1.0, 1.0, 0.0]
x_in[1359]: [0.0, 1.0, 1.0, 0.0, 1.0, 1.0, 1.0, 0.0]
x_in[1360]: [0.0, 1.0, 1.0, 0.0, 0.0, 1.0, 0.0, 1.0]
x_in[1361]: [0.0, 1.0, 1.0, 0.0, 0.0, 0.0, 1.0, 1.0]
x_in[1362]: [0.0, 1.0, 1.0, 1.0, 0.0, 1.0, 0.0, 0.0]
x_in[1363]: [0.0, 1.0, 1.0, 0.0, 1.0, 0.0, 0.0, 1.0]
x_in[1364]: [0.0, 1.0, 1.0, 0.0, 0.0, 0.0, 1.0, 1.0]
x_in[1365]: [0.0, 1.0, 1.0, 1.0, 0.0, 1.0, 0.0, 1.0]
x_in[1366]: [0.0, 1.0, 1.0, 1.0, 0.0, 1.0, 0.0, 0.0]
x_in[1367]: [0.0, 0.0, 1.0, 0.0, 1.0, 1.0, 1.0, 0.0]
x_in[1368]: [0.0, 0.0, 1.0, 0.0, 0.0, 0.0, 1.0, 0.0]
